7	66606	0.0312313936291	9.00116454012e-05	2844428.50611	2202823.02993	5249216.46554
7	66607	0.0312407787621	9.00173757468e-05	2844430.37723	2202823.16195	5249219.45655
7	66608	0.0312458921208	9.00106125854e-05	2844429.00614	2202822.15051	5249216.42458
7	66609	0.0312511457854	9.00022860723e-05	2844427.6349	2202821.3815	5249212.04939
7	66610	0.031257922536	9.00028993278e-05	2844427.18413	2202823.73473	5249211.77069
7	66611	0.0312609613853	8.99898119017e-05	2844426.75585	2202825.22398	5249205.88797
7	66612	0.0312656146198	8.99807002148e-05	2844425.87736	2202823.3202	5249200.80773
7	66613	0.0312731365484	8.99826430162e-05	2844425.19029	2202822.47133	5249201.35937
7	66614	0.03128462524	8.99981135223e-05	2844426.87831	2202824.37605	5249207.26481
7	66615	0.0312906583659	8.99939744491e-05	2844425.21194	2202822.77074	5249207.4498
7	66616	0.0312987867877	8.99952334824e-05	2844424.97814	2202823.72945	5249207.26528
7	66617	0.0313051620914	8.99928863744e-05	2844424.47835	2202821.32305	5249207.71692
7	66618	0.03131316474	8.99941189882e-05	2844425.16757	2202820.72884	5249209.94236
7	66619	0.0313224332861	9.00021158656e-05	2844427.0784	2202822.89833	5249212.93575
7	66620	0.0313281949737	8.99972273744e-05	2844426.8027	2202818.78394	5249212.21473
7	66621	0.0313356560087	8.99989329471e-05	2844427.00806	2202819.12553	5249212.23311
7	66622	0.0313435942885	9.00045937915e-05	2844427.16292	2202820.15918	5249215.11601
7	66623	0.0313482421107	8.99967036464e-05	2844427.63188	2202819.76574	5249211.18183
7	66624	0.031359180769	9.00133624156e-05	2844427.37567	2202824.05466	5249215.73043
7	66625	0.0313599800291	8.99928652855e-05	2844425.50555	2202822.66121	5249208.89604
7	66626	0.0313671154038	8.99968063985e-05	2844425.85781	2202823.83748	5249209.47257
7	66627	0.0313720093987	8.99907635052e-05	2844425.52026	2202823.53411	5249207.25897
7	66628	0.0313806885236	8.99984238997e-05	2844427.55916	2202825.56331	5249209.05712
7	66629	0.0313928087148	9.00105573156e-05	2844427.66681	2202827.43223	5249212.42448
7	66630	0.0127593117151	2.77693669727e-05	2829856.95396	2213813.8807	5203607.70229
7	66631	0.0314051476136	9.00105965961e-05	2844427.13598	2202826.51706	5249213.31267
7	66632	0.0314128762891	9.00153191695e-05	2844428.14949	2202825.98324	5249215.31917
7	66633	0.0314221255601	9.00233107241e-05	2844428.95991	2202825.64338	5249220.03082
7	66634	0.0314251854873	9.00111274015e-05	2844427.80333	2202825.47761	5249216.55533
7	66635	0.0314307594251	9.00083095165e-05	2844428.11647	2202824.89191	5249215.80786
7	66636	0.0314386368366	9.00159116256e-05	2844431.00985	2202826.23775	5249218.49852
7	66637	0.0314448420759	9.00176493504e-05	2844432.83766	2202826.82115	5249218.59296
7	66638	0.031447644378	9.00080975724e-05	2844429.76871	2202824.00307	5249214.79099
7	66639	0.0314531671006	9.00096384168e-05	2844427.47109	2202823.10835	5249213.79975
7	66640	0.0314617545828	9.00199648349e-05	2844428.17755	2202825.2641	5249217.98813
7	66641	0.0314640936803	9.0009397429e-05	2844426.14255	2202825.99412	5249212.44035
7	66642	0.0314670831741	9.00008393993e-05	2844425.49298	2202825.10637	5249208.13841
7	66643	0.0314735421989	9.00049929785e-05	2844425.80467	2202827.29	5249209.62115
7	66644	0.0314784603151	9.00024151849e-05	2844426.02036	2202827.77657	5249208.7415
7	66645	0.0314821489983	8.99944133069e-05	2844426.21537	2202824.40716	5249206.61084
7	66646	0.0314890732396	8.99986357475e-05	2844426.25359	2202823.58575	5249209.33339
7	66647	0.0314967600152	9.00047715801e-05	2844428.41435	2202823.36161	5249213.1631
7	66648	0.0315070848831	9.00186341889e-05	2844432.42152	2202826.08806	5249217.09692
7	66649	0.0315103648795	9.00118427573e-05	2844429.75506	2202824.96048	5249216.26572
7	66650	0.0315175352959	9.0017842902e-05	2844431.30568	2202825.95001	5249219.13613
7	66651	0.0315222060274	9.00180608136e-05	2844430.72129	2202824.35796	5249219.24536
7	66652	0.0315241212452	9.0006316166e-05	2844429.87741	2202823.75583	5249214.73196
7	66653	0.0315269548054	8.99998934891e-05	2844429.54008	2202824.79833	5249211.32812
7	66653	0.031772611619	9.07914696274e-05	2844574.83042	2202593.86409	5249470.40843
5	66654	0.0497067655673	9.06325528702e-05	2844390.46379	2200907.16241	5249615.87063
5	66655	0.0497470780903	9.07193939643e-05	2844404.70543	2200914.03384	5249662.24159
5	66656	0.0497509852185	9.07206095195e-05	2844404.94082	2200914.18402	5249661.85322
5	66657	0.0497518858837	9.07148134492e-05	2844405.28341	2200916.17391	5249658.69026
5	66658	0.0497563731425	9.07161501087e-05	2844405.9159	2200916.23757	5249660.17651
5	66659	0.0497626559135	9.07207931144e-05	2844406.32657	2200917.14412	5249662.74176
5	66660	0.0497761344621	9.07430200286e-05	2844408.3858	2200921.17123	5249670.78012
5	66662	0.0497759183632	9.0717703746e-05	2844403.19207	2200905.07047	5249669.14969
5	66663	0.049780691774	9.07193041609e-05	2844402.86987	2200906.8344	5249671.18995
5	66664	0.0497873028482	9.0725963626e-05	2844403.85367	2200905.11756	5249674.48849
5	66665	0.0497897498316	9.07246178463e-05	2844403.92695	2200903.03841	5249674.80826
5	66666	0.0497874225131	9.07125174444e-05	2844401.85827	2200903.17734	5249669.9347
5	66667	0.0497967671106	9.07279923386e-05	2844404.32616	2200909.75328	5249672.48739
5	66668	0.0497997600564	9.07296779505e-05	2844406.0023	2200913.81329	5249669.96015
5	66669	0.04980630172	9.07413130763e-05	2844407.40566	2200917.70265	5249671.7832
5	66670	0.0498057588968	9.07369960732e-05	2844406.19001	2200922.63657	5249665.94368
5	66671	0.0498125150521	9.0744650811e-05	2844407.23775	2200923.66587	5249669.30128
5	66672	0.0498111848648	9.07363979552e-05	2844406.20544	2200923.24316	5249666.00992
5	66673	0.0498140583615	9.07335409999e-05	2844405.8858	2200922.78985	5249665.6193
5	66674	0.049814922807	9.0728796492e-05	2844404.77959	2200921.15853	5249664.61533
5	66675	0.0498162677103	9.07197197609e-05	2844404.18522	2200915.50405	5249663.52457
5	66676	0.0498230347835	9.07257263051e-05	2844404.99531	2200916.18487	5249667.9326
5	66677	0.0498299425658	9.07338062785e-05	2844406.20467	2200914.09729	5249672.41919
5	66678	0.0498367257646	9.07408816838e-05	2844405.99757	2200912.65918	5249677.61373
5	66679	0.0498327433425	9.07199099879e-05	2844401.4027	2200905.17361	5249673.22388
5	66680	0.0498408759529	9.07317122809e-05	2844403.18743	2200907.25265	5249676.63742
5	66681	0.0498407219993	9.07223943649e-05	2844401.16045	2200906.32196	5249675.08177
5	66682	0.0498439541584	9.0725917199e-05	2844402.68986	2200909.23172	5249673.97325
5	66683	0.0498469878058	9.07289901992e-05	2844402.91629	2200915.97983	5249671.31307
5	66684	0.0498515410723	9.0738496535e-05	2844407.12268	2200920.36332	5249672.00998
5	66685	0.0498516297086	9.07354233415e-05	2844404.59484	2200921.02916	5249668.85182
5	66686	0.0498518254946	9.07337122096e-05	2844403.97287	2200923.90828	5249665.6849
5	66687	0.0498565834484	9.07365602064e-05	2844404.97172	2200926.54849	5249665.14333
5	66688	0.0498628583615	9.07461002331e-05	2844405.34878	2200928.42361	5249669.434
5	66689	0.04986536235	9.07447274931e-05	2844405.57445	2200927.91609	5249669.81073
5	66690	0.0498689104777	9.0744641855e-05	2844406.16767	2200928.29455	5249669.79325
5	66691	0.049868960079	9.0735261017e-05	2844405.54113	2200924.74896	5249669.24019
5	66692	0.0498758076382	9.07419257278e-05	2844404.6483	2200923.26967	5249673.76518
5	66693	0.0498774290328	9.07334213294e-05	2844403.11751	2200916.50246	5249675.8418
5	66694	0.049876859574	9.07244657421e-05	2844400.14877	2200907.99546	5249675.71887
5	66695	0.0498823611275	9.07289892767e-05	2844398.82034	2200906.77218	5249678.34918
5	66696	0.0498842617274	9.07278587127e-05	2844399.50372	2200907.90102	5249678.11411
5	66697	0.0498911223602	9.07385373386e-05	2844401.89054	2200908.78457	5249682.29186
5	66698	0.0498886707446	9.07282614541e-05	2844399.81176	2200912.05537	5249676.19481
5	66699	0.0498946471178	9.07402668603e-05	2844404.29485	2200919.844	5249675.03827
5	66700	0.0498982357855	9.07471457968e-05	2844406.22245	2200926.10774	5249673.8721
5	66701	0.0498975388305	9.07453232864e-05	2844405.02471	2200928.01327	5249672.13474
5	66702	0.0498951368769	9.07311684492e-05	2844400.65498	2200923.97105	5249667.58122
5	66703	0.0499062001035	9.07564806756e-05	2844406.33128	2200932.03653	5249671.76183
5	66704	0.0499032102839	9.07429368989e-05	2844403.97174	2200929.33057	5249668.3334
5	66705	0.0499155925569	9.07670898727e-05	2844408.39326	2200935.50375	5249675.53153
5	66706	0.0499145406052	9.07561509849e-05	2844406.51174	2200927.84594	5249674.89008
5	66707	0.0499194059164	9.0759141068e-05	2844404.81661	2200928.42415	5249677.83612
5	66708	0.049916760433	9.07430278665e-05	2844403.10947	2200919.37149	5249675.19383
5	66709	0.0499192398604	9.07424561327e-05	2844401.27092	2200914.31074	5249679.1158
5	66710	0.0499283301068	9.07553962568e-05	2844401.40066	2200913.71168	5249686.24813
5	66711	0.0499281476459	9.07516238585e-05	2844401.58637	2200911.96062	5249684.22837
5	66712	0.0499286200783	9.0747568852e-05	2844401.46432	2200910.29073	5249684.53732
5	66713	0.0499271465477	9.07362719011e-05	2844399.99499	2200910.75897	5249679.86424
5	66714	0.0499266472479	9.07320243779e-05	2844399.77472	2200913.54307	5249676.66315
5	66715	0.0499347939547	9.07486976035e-05	2844403.62248	2200921.39739	5249680.16995
5	66716	0.049938442352	9.07577165899e-05	2844405.66294	2200926.25776	5249679.02355
5	66717	0.0499346145868	9.0746029284e-05	2844402.47802	2200924.51435	5249674.54402
6	66719	0	nan	nan	nan	nan
6	66720	0.0391492083346	9.02879045062e-05	2844518.95381	2202889.70165	5249400.64751
6	66721	0.0390249760423	8.99480384289e-05	2844413.86587	2202681.38409	5249327.8591
6	66722	0.0390546171399	8.99533394321e-05	2844414.6071	2202681.2965	5249331.32392
6	66723	0.0390806381143	8.99443042249e-05	2844412.26812	2202677.8407	5249330.09723
6	66724	0.0391128849249	8.99566413983e-05	2844414.40702	2202680.26477	5249334.44742
6	66725	0.0391379469168	8.99450389168e-05	2844415.07161	2202677.26612	5249331.49582
6	66726	0.0391644032321	8.99374111275e-05	2844414.07407	2202672.92038	5249332.4678
6	66727	0.0391919980223	8.99338444292e-05	2844413.26702	2202667.39826	5249334.45243
6	66728	0.0392218924971	8.99406995469e-05	2844411.71131	2202664.46012	5249340.57081
6	66729	0.0392474556536	8.99308441132e-05	2844408.56067	2202659.55809	5249338.51294
6	66730	0.0392780651277	8.99417414581e-05	2844411.27107	2202663.60271	5249340.72313
6	66731	0.0393040695949	8.99378382833e-05	2844410.49779	2202663.40442	5249338.58807
6	66732	0.0393305641862	8.99396372666e-05	2844412.54758	2202669.39348	5249335.06456
6	66733	0.0393549468655	8.99306928865e-05	2844413.8416	2202672.7878	5249329.06884
6	66734	0.0393823831863	8.99357341069e-05	2844414.37136	2202679.02266	5249325.97687
6	66735	0.0394134345917	8.99492934098e-05	2844417.62111	2202684.70427	5249329.20009
6	66736	0.0394414420413	8.99527132302e-05	2844415.54191	2202683.70608	5249330.98045
6	66737	0.0394659898064	8.99441144005e-05	2844413.7239	2202680.13182	5249327.84634
6	66738	0.0394940949856	8.99484185231e-05	2844412.07347	2202677.14446	5249331.17349
6	66739	0.0395228889629	8.99505568133e-05	2844410.80995	2202676.68083	5249333.88396
6	66740	0.0395505189488	8.99536907053e-05	2844413.52935	2202678.76357	5249333.26101
6	66741	0.0395739103971	8.99399649237e-05	2844413.14893	2202678.86216	5249329.15117
6	66742	0.0396050126242	8.9947363234e-05	2844414.36207	2202677.2181	5249334.55454
6	66743	0.0396308751447	8.99390137519e-05	2844412.74176	2202672.10021	5249333.66752
6	66744	0.0396563162672	8.99333063719e-05	2844410.68192	2202667.45657	5249335.42127
6	66745	0.0396846698964	8.99378597309e-05	2844410.95273	2202667.13668	5249336.94957
6	66746	0.0397095711566	8.99327439238e-05	2844408.99407	2202664.25161	5249336.15139
6	66747	0.0397358330823	8.99296715296e-05	2844408.3902	2202666.55729	5249333.33009
6	66748	0.0397638277904	8.99372457179e-05	2844410.87912	2202669.42856	5249334.15457
7	66749	116139.260566	-4.31479986116	-661913133.518	-990496944.089	-519623799.414
7	66750	0.0318149806162	9.01025179097e-05	2844453.80733	2202728.17008	5249368.62895
7	66751	0.0318738412368	9.02946613308e-05	2844505.8103	2202798.48463	5249408.23232
7	66752	0.0318738448713	9.02974845072e-05	2844505.30897	2202799.4303	5249409.6578
7	66753	0.031871585815	9.02927547258e-05	2844502.49558	2202796.62929	5249407.67187
7	66754	0.0318727058172	9.02989793056e-05	2844503.01228	2202797.86655	5249408.54293
7	66755	0.0318721835658	9.02998238274e-05	2844501.81345	2202797.78474	5249410.81127
7	66756	0.0318723779841	9.02998796131e-05	2844502.50547	2202796.59302	5249411.18091
7	66757	0.0318756210276	9.03150146953e-05	2844507.55971	2202801.4373	5249414.84898
7	66758	0.0318673981015	9.02875733743e-05	2844503.31204	2202792.21868	5249408.29078
7	66759	0.0318717015654	9.03027334864e-05	2844506.32235	2202795.38763	5249414.80391
7	66760	0.0318719134699	9.03059645811e-05	2844506.97233	2202793.02203	5249416.22647
7	66761	0.0318737707609	9.03141015866e-05	2844506.79763	2202795.41566	5249419.45772
7	66762	0.0318725510941	9.03120575882e-05	2844507.83581	2202795.30607	5249418.96828
7	66763	0.0318712134097	9.03120051252e-05	2844506.91467	2202792.6227	5249420.64971
7	66764	0.0318723385594	9.03182721389e-05	2844508.63181	2202797.19661	5249420.93629
7	66765	0.0318681344083	9.0311854305e-05	2844506.66016	2202796.45532	5249417.44347
7	66766	0.0318647516386	9.0305622638e-05	2844507.85224	2202797.84162	5249414.30748
7	66767	0.0318628254653	9.03037141225e-05	2844506.85399	2202800.00885	5249411.1901
7	66768	0.0318566840007	9.02893677086e-05	2844502.72208	2202797.61692	5249405.42213
7	66769	0.0318577663769	9.02992766924e-05	2844503.51006	2202799.12291	5249408.48284
7	66770	0.0318542178443	9.02932754421e-05	2844501.7181	2202799.05171	5249405.33979
7	66771	0.0318535687792	9.02981748289e-05	2844502.26862	2202796.28292	5249408.04793
7	66772	0.0318523814713	9.0297771154e-05	2844502.58649	2202797.28388	5249407.74665
7	66773	0.0318455130553	9.02782740973e-05	2844498.921	2202793.11917	5249401.34616
7	66774	0.0318461188028	9.0286656339e-05	2844501.88576	2202793.69164	5249405.75677
7	66775	0.0318473260206	9.02941672567e-05	2844504.96018	2202797.80825	5249407.61875
7	66776	0.0318482340746	9.03018291621e-05	2844505.10453	2202794.92395	5249412.10591
7	66777	0.0318497317977	9.03132416744e-05	2844506.20486	2202797.90046	5249416.87648
7	66778	0.0318466744977	9.03079279363e-05	2844505.1429	2202797.33626	5249414.71581
7	66779	0.0321320005202	9.12016193094e-05	2844734.88393	2203134.08882	5249619.18369
7	66780	0.0318334696478	9.02776233196e-05	2844497.14383	2202784.68912	5249409.42147
7	66781	0.0318197481238	9.02419379904e-05	2844488.69886	2202773.20755	5249399.40131
7	66782	0.0318173204772	9.02417515193e-05	2844488.53353	2202775.00423	5249397.7985
7	66783	0.0318097610114	9.02241347313e-05	2844485.46775	2202772.42573	5249390.90798
7	66784	0.0318082578398	9.02286272028e-05	2844485.85555	2202773.27239	5249392.25464
7	66785	0.0318012939484	9.02115136597e-05	2844483.24317	2202771.70888	5249385.05696
7	66786	0.0318000509498	9.02169325362e-05	2844483.85385	2202772.66045	5249387.31581
7	66787	0.031796287046	9.02141449332e-05	2844482.37552	2202772.22392	5249385.2002
7	66788	0.0317955946603	9.02186088841e-05	2844482.7962	2202772.3949	5249386.34239
7	66789	0.0317967549354	9.02304482134e-05	2844486.01687	2202774.43907	5249390.1536
7	66790	0.0317937261564	9.02280543004e-05	2844484.64296	2202774.03757	5249390.05265
7	66791	0.0317909700642	9.02300537252e-05	2844485.86733	2202774.01447	5249391.19045
7	66792	0.0317862600651	9.02173887683e-05	2844484.96233	2202772.33895	5249388.60087
7	66793	0.0317858836128	9.02267126853e-05	2844485.93341	2202773.27172	5249393.20008
7	66794	0.0317833041044	9.02276136674e-05	2844486.7991	2202770.85375	5249393.61948
8	66899	34937.9839249	-0.0557200142312	5266707.68458	4386569.96382	15657853.9048
8	66900	0.0223807303836	9.00191466014e-05	2844436.00056	2202842.2127	5249212.28335
8	66901	0.0223951303945	9.00630831241e-05	2844440.79762	2202811.53903	5249231.82161
8	66902	0.022396330773	9.00556053502e-05	2844438.57329	2202811.3092	5249229.58265
8	66903	0.0223989734927	9.0054267135e-05	2844440.07787	2202811.63391	5249228.14462
8	66904	0.0224012531725	9.00539433064e-05	2844439.75962	2202810.17582	5249228.86583
8	66905	0.0224048121292	9.00562897794e-05	2844440.63945	2202810.91216	5249229.13592
8	66906	0.0224066346717	9.00517079643e-05	2844439.69382	2202813.25235	5249227.57586
8	66907	0.0224093177257	9.00527303095e-05	2844440.19916	2202813.35878	5249227.35987
8	66908	0.0224089070277	9.00381190023e-05	2844438.01317	2202808.85464	5249221.51834
8	66909	0.0224144986205	9.00512459202e-05	2844439.54525	2202814.51734	5249225.5579
8	66910	0.0224168632066	9.00502270981e-05	2844439.716	2202813.23547	5249226.07877
8	66911	0.0224180870401	9.00438600133e-05	2844439.04999	2202812.99564	5249224.44196
8	66912	0.022424206554	9.00586584752e-05	2844441.68069	2202814.37147	5249231.1354
8	66913	0.0224269698448	9.00613481215e-05	2844441.03718	2202811.89147	5249231.42318
8	66914	0.0224313144695	9.00675353514e-05	2844442.42613	2202814.19336	5249234.30895
8	66915	0.0224332848506	9.00659623436e-05	2844440.95917	2202815.25937	5249233.37062
8	66916	0.0224356825213	9.00651007362e-05	2844441.37141	2202816.48364	5249231.98424
8	66917	0.0224358420724	9.00563287421e-05	2844440.10791	2202811.90713	5249231.47062
8	66918	0.0224386590387	9.00581295744e-05	2844441.60232	2202814.23485	5249229.5463
8	66919	0.0224388746115	9.00493514552e-05	2844439.60663	2202810.9797	5249228.09493
8	66920	0.0224415604128	9.00525327458e-05	2844441.37951	2202815.05025	5249227.97241
8	66921	0.022442041947	9.00455326853e-05	2844439.44335	2202811.01796	5249225.89723
8	66922	0.0224447563236	9.00465728497e-05	2844439.23299	2202811.68008	5249227.80852
8	66923	0.0224460025436	9.00421529727e-05	2844437.65959	2202808.86665	5249225.3019
8	66924	0.0224495370019	9.0049915762e-05	2844438.91223	2202808.78107	5249228.2382
8	66925	0.0224528852037	9.00547981876e-05	2844441.00103	2202813.5114	5249227.93271
8	66926	0.0224533269933	9.00476279607e-05	2844440.62068	2202811.78979	5249225.50928
8	66927	0.0224561001896	9.00504525773e-05	2844441.17944	2202814.75395	5249225.4192
8	66928	0.0224565463619	9.0043725947e-05	2844439.27773	2202813.30422	5249223.73457
8	66929	0.0224856177849	8.98067481337e-05	2844212.32963	2202315.95785	5249377.36454
8	66930	0.022454353667	9.0022644609e-05	2844437.92886	2202831.39189	5249214.28422
8	66931	0.0224528126783	9.00138194824e-05	2844438.05162	2202852.7815	5249208.22489
8	66932	0.0224521926153	9.00052027914e-05	2844436.06141	2202849.84284	5249205.86211
8	66933	0.0224536519578	9.00017897193e-05	2844436.14228	2202850.913	5249204.93196
8	66934	0.0224560347522	9.0006352704e-05	2844437.54504	2202853.14452	5249206.33775
8	66935	0.022457235142	9.00035043729e-05	2844436.92416	2202851.07463	5249205.64171
8	66936	0.022456555095	8.99939995259e-05	2844436.03601	2202850.59048	5249202.37379
8	66937	0.0224579148427	8.99930715265e-05	2844436.27942	2202853.24167	5249200.32401
8	66938	0.022461932585	9.00029664514e-05	2844438.01153	2202855.02902	5249203.98527
8	66939	0.0224629429365	8.99995785263e-05	2844437.27935	2202856.35188	5249201.82979
8	66940	0.0224653807351	9.00059897791e-05	2844436.94525	2202852.59893	5249203.92727
8	66941	0.022464554882	8.99949342966e-05	2844435.94078	2202851.09395	5249201.47836
8	66942	0.0224678909703	9.00032087137e-05	2844436.50747	2202851.7529	5249203.62662
8	66943	0.0224686290882	9.0001939693e-05	2844435.21922	2202852.6443	5249203.43161
8	66944	0.0224723425479	9.00117212002e-05	2844437.59334	2202855.69441	5249206.65834
8	66945	0.0224701158884	8.99979152125e-05	2844436.35354	2202850.26124	5249201.1355
8	66946	0.022472380132	9.00020635744e-05	2844436.31795	2202850.70456	5249203.24379
8	66947	0.022473514811	9.00000047775e-05	2844436.85855	2202850.48935	5249203.43701
8	66948	0.0224729926065	8.99925509509e-05	2844435.3443	2202849.09826	5249200.12685
8	66949	0.0224766356671	9.00051822279e-05	2844436.85275	2202851.24938	5249204.61396
8	66950	0.0224768025861	8.9999512651e-05	2844435.53755	2202850.44338	5249202.57889
8	66951	0.0224784611948	9.00023304034e-05	2844435.98619	2202851.71856	5249204.74761
8	66952	0.0224791919692	9.00000300209e-05	2844436.73968	2202851.57271	5249203.89426
8	66953	0.0224793396608	8.99956968223e-05	2844436.56891	2202850.80623	5249203.61037
8	66954	0.0224806302677	8.9997440386e-05	2844435.81692	2202851.00467	5249204.18354
8	66955	0.0224810190277	8.99954703468e-05	2844435.93358	2202849.4348	5249203.30946
8	66956	0.0224810917382	8.99902711942e-05	2844435.27373	2202850.87415	5249201.46595
8	66957	0.0224816310435	8.99931780132e-05	2844434.89731	2202847.35038	5249202.58272
8	66958	0.0224839388882	8.99973455937e-05	2844436.30868	2202850.53135	5249202.0721
8	66959	0.0224847128281	8.99978952576e-05	2844435.22159	2202849.92325	5249203.02693
8	66960	0.0224868162995	9.00030933059e-05	2844436.15667	2202851.53854	5249204.13315
8	66961	0.0224852178553	8.99951787372e-05	2844435.47498	2202850.31107	5249201.01464
8	66962	0.0224857594432	8.99945335188e-05	2844435.67031	2202849.50979	5249201.05124
8	66963	0.0224865876254	8.99954605684e-05	2844435.26529	2202850.67183	5249200.89794
8	66964	0.0224888144455	9.00025711123e-05	2844437.81073	2202850.82333	5249203.11025
8	66965	0.0224863259216	8.99879975287e-05	2844434.44923	2202849.43086	5249198.98017
8	66966	0.0224879433673	8.99929805492e-05	2844434.51546	2202850.80894	5249200.85425
8	66967	0.0224873313042	8.99872679037e-05	2844433.31658	2202848.5898	5249200.13563
8	66968	0.0224910520345	9.00010655889e-05	2844434.06717	2202849.91643	5249205.80554
8	66969	0.0224914615653	9.000195738e-05	2844435.70895	2202849.66447	5249206.33411
8	66970	0.022492966039	9.00086733243e-05	2844435.69748	2202850.63391	5249207.45826
8	66971	0.0224913229132	8.99992317902e-05	2844435.9072	2202849.37103	5249205.01011
8	66972	0.022492667088	9.00024606954e-05	2844435.17235	2202851.88094	5249205.41566
8	66973	0.0224918367331	8.99977757537e-05	2844434.28863	2202848.62333	5249203.88805
8	66974	0.0224902228652	8.99905485111e-05	2844433.93979	2202848.25247	5249200.33433
8	66975	0.0224901873166	8.99908568883e-05	2844433.98083	2202847.52611	5249200.92231
8	66976	0.0224909337165	8.99937470471e-05	2844433.91471	2202847.01857	5249201.23422
8	66977	0.0224926339455	8.99988328523e-05	2844435.06615	2202851.21721	5249203.13651
8	66978	0.0224916009082	8.99953997822e-05	2844434.28129	2202850.928	5249202.02405
8	66979	0.022492919332	8.99994720074e-05	2844435.14652	2202851.72177	5249203.67115
8	66980	0.0224913541051	8.99938595015e-05	2844432.97073	2202848.63095	5249202.12696
8	66981	0.0224910582897	8.99910408822e-05	2844433.56902	2202848.50011	5249200.99664
8	66982	0.0224916829842	8.99952510776e-05	2844434.25773	2202849.11454	5249202.80394
8	66983	0.0224918845319	8.99965582924e-05	2844434.6575	2202850.89806	5249202.09899
8	66984	0.0224917851789	8.99988279327e-05	2844434.0735	2202849.594	5249203.69609
8	66985	0.0224909555277	8.99949391783e-05	2844433.32054	2202848.87108	5249202.1094
8	66986	0.0224906581093	8.99948617541e-05	2844433.65674	2202849.21793	5249202.39941
4	67049	0.133281821844	-7.62377343962e-05	2843832.22134	2202423.45659	5247263.36041
4	67050	0.137579358892	-7.52336289265e-05	2843925.71516	2202489.00125	5247570.49407
4	67051	0.137840859231	-7.52341338607e-05	2843927.02795	2202492.48212	5247569.83541
4	67052	0.138150548709	-7.5223187924e-05	2843929.7725	2202491.04949	5247573.10183
4	67053	0.13847973782	-7.52075604302e-05	2843934.21929	2202490.52005	5247576.8215
4	67054	0.13862576795	-7.52366904694e-05	2843930.7144	2202493.29698	5247566.64579
4	67055	0.138926430201	-7.52285189464e-05	2843927.60996	2202489.22566	5247571.4608
4	67056	0.139116478988	-7.52472663465e-05	2843928.91428	2202491.27784	5247564.12734
4	67057	0.139337175404	-7.52586060892e-05	2843928.38435	2202491.68626	5247559.32229
4	67058	0.139486820473	-7.52873601187e-05	2843923.30666	2202494.27269	5247550.5384
4	67059	0.139617398705	-7.53209319823e-05	2843920.91379	2202496.63138	5247539.37536
4	67060	0.1398940759	-7.53189432976e-05	2843924.20139	2202500.60864	5247538.50866
4	67061	0.140141784564	-7.53242890622e-05	2843920.06871	2202500.65931	5247538.24269
4	67062	0.140333077749	-7.53434416289e-05	2843914.67423	2202500.40142	5247532.85488
4	67063	0.140698898633	-7.53205960929e-05	2843919.27803	2202496.34031	5247539.87812
4	67064	0.14084709557	-7.53505602145e-05	2843912.7068	2202495.58358	5247531.89224
4	67065	0.141049985304	-7.53670086851e-05	2843912.40202	2202505.29186	5247526.29374
4	67066	0.141305892762	-7.53712981105e-05	2843907.31185	2202497.17239	5247526.58027
4	67067	0.141593913993	-7.5367546617e-05	2843908.72013	2202499.35981	5247526.68168
4	67068	0.141944667518	-7.5348688975e-05	2843915.91688	2202503.08023	5247529.35704
4	67069	0.142237614668	-7.53446210112e-05	2843911.04198	2202496.44206	5247534.66168
4	67070	0.142608755785	-7.53213946418e-05	2843919.18142	2202498.16101	5247539.88912
4	67071	0.142739729378	-7.53562714205e-05	2843914.16478	2202499.46475	5247529.6874
4	67072	0.143156914325	-7.53225490722e-05	2843917.72917	2202491.72937	5247540.22352
4	67073	0.143442892059	-7.53201148733e-05	2843920.27053	2202498.90698	5247540.20052
4	67074	0.14381135441	-7.5298362667e-05	2843922.95734	2202493.36254	5247546.36801
4	67075	0.14402284398	-7.53141942073e-05	2843920.78225	2202493.53292	5247540.03863
4	67076	0.144225840802	-7.53324463295e-05	2843917.99602	2202494.45517	5247535.88125
4	67077	0.144514659364	-7.53300438574e-05	2843918.55087	2202494.7759	5247535.90145
4	67078	0.144616582621	-7.53722395224e-05	2843916.7195	2202504.30006	5247520.59483
8	67079	0.00322773537622	-6.95885877399e-05	2844512.44889	2201823.83055	5249515.87129
8	67080	0.00327471027258	-6.86149114436e-05	2844543.18958	2202363.03694	5249743.81866
8	67081	0.0032737846237	-6.86206723704e-05	2844541.74536	2202358.51538	5249742.28266
8	67082	0.00327344166051	-6.86197131739e-05	2844541.50912	2202359.50126	5249742.10343
8	67083	0.00327369454061	-6.86100302672e-05	2844543.94932	2202360.45495	5249745.54269
8	67084	0.0032726002399	-6.86197419681e-05	2844542.00982	2202358.33489	5249741.88601
8	67085	0.00327252518959	-6.86148423909e-05	2844543.02187	2202361.99079	5249745.58039
8	67086	0.00327206531931	-6.861483758e-05	2844543.14297	2202363.54971	5249743.91965
8	67087	0.00327276983074	-6.85968756191e-05	2844545.06005	2202365.05567	5249749.91455
8	67088	0.00327262960305	-6.85907373498e-05	2844545.14258	2202364.69838	5249752.64122
8	67089	0.00327198601192	-6.85919714353e-05	2844544.29586	2202363.09655	5249753.30939
8	67090	0.00327183061397	-6.85877833686e-05	2844545.90924	2202365.27145	5249753.42606
8	67091	0.00327112098869	-6.85905520665e-05	2844545.82759	2202362.66852	5249753.43379
8	67092	0.00327095585991	-6.85848993068e-05	2844546.26171	2202364.34593	5249754.79861
8	67093	0.00327138010093	-6.85714350293e-05	2844547.525	2202364.35032	5249759.96763
8	67094	0.00327137528454	-6.85637205999e-05	2844548.78307	2202365.09486	5249763.43812
8	67095	0.00327056737102	-6.85692605984e-05	2844548.81176	2202365.91453	5249760.87506
8	67096	0.00326927022732	-6.85800945105e-05	2844547.23964	2202365.72038	5249756.24437
8	67097	0.00326861876569	-6.85809961579e-05	2844546.55133	2202364.55236	5249756.61644
8	67098	0.00326939907301	-6.85611876448e-05	2844548.08961	2202369.72241	5249762.99345
8	67099	0.00326896120667	-6.85587043122e-05	2844548.54271	2202368.58594	5249764.25424
8	67100	0.00326777291917	-6.85688701237e-05	2844546.96547	2202366.731	5249760.56271
8	67101	0.00326713511565	-6.85701275516e-05	2844546.94076	2202365.56502	5249761.07725
8	67102	0.00326659965161	-6.85684987486e-05	2844547.80361	2202365.46192	5249762.09973
8	67103	0.0032669454247	-6.85537576443e-05	2844550.00016	2202369.91594	5249765.70683
8	67104	0.0032658252034	-6.85615683077e-05	2844547.79829	2202366.551	5249763.48955
8	67105	0.00326616395513	-6.85477424809e-05	2844550.88211	2202366.7254	5249768.87534
8	67106	0.00326456721403	-6.85628233971e-05	2844548.92991	2202366.84164	5249764.72244
8	67107	0.00326478931898	-6.85500901658e-05	2844550.17241	2202368.42768	5249767.85302
8	67108	0.00326432698615	-6.85466884175e-05	2844550.69941	2202369.76015	5249769.70457
8	67109	0.00343611978064	-6.61272895876e-05	2844704.11008	2202404.93471	5250622.76117
8	67110	0.00325093694145	-6.87220705144e-05	2844539.26182	2202367.5433	5249707.85537
8	67111	0.00325029848076	-6.8722118795e-05	2844540.44187	2202365.76357	5249708.92865
8	67112	0.00324876132749	-6.87348994936e-05	2844538.49253	2202363.68855	5249704.59488
8	67113	0.00324863629178	-6.87268751439e-05	2844540.73314	2202365.62041	5249706.71227
8	67114	0.00324855580815	-6.87185062943e-05	2844539.21508	2202364.42833	5249710.63968
8	67115	0.00324813872704	-6.87121247127e-05	2844539.66035	2202365.09937	5249714.15559
8	67116	0.00324736316824	-6.87140841479e-05	2844539.40013	2202365.23651	5249712.46284
8	67117	0.00324672731032	-6.87109063836e-05	2844539.12368	2202366.36042	5249713.67815
8	67118	0.00324576315924	-6.87160790988e-05	2844539.72073	2202366.82904	5249711.22258
8	67119	0.00324539862929	-6.87086915027e-05	2844540.04881	2202367.36593	5249712.83509
8	67120	0.00324532124273	-6.87008229959e-05	2844542.09698	2202369.10184	5249716.53232
8	67121	0.00324441228269	-6.87036860771e-05	2844542.75857	2202368.65158	5249714.50259
8	67122	0.00324407101326	-6.86969365333e-05	2844543.20994	2202369.62928	5249718.39849
8	67123	0.00324324650616	-6.86975995822e-05	2844542.52259	2202368.97667	5249718.57428
8	67124	0.00324305380652	-6.86904263025e-05	2844542.02435	2202370.616	5249721.17449
8	67125	0.00324243474226	-6.86868719952e-05	2844542.13978	2202368.09532	5249723.04721
8	67126	0.00324156319861	-6.8689344818e-05	2844541.79093	2202368.3726	5249721.37185
8	67127	0.00323989153727	-6.87015280593e-05	2844540.21271	2202367.79436	5249717.56372
8	67128	0.00323926858007	-6.86978228368e-05	2844541.65083	2202369.28614	5249718.68109
8	67129	0.00323836122601	-6.86974233135e-05	2844539.5007	2202364.65772	5249720.92469
8	67130	0.00323922695741	-6.86754636405e-05	2844542.39954	2202368.94642	5249727.99939
8	67131	0.00323799469847	-6.86816480062e-05	2844539.60942	2202364.83553	5249726.63164
8	67132	0.00323734110242	-6.86751811733e-05	2844542.78567	2202367.70078	5249728.2759
8	67133	0.00323637712381	-6.86792929227e-05	2844542.87012	2202367.73541	5249726.03693
8	67134	0.00323542499217	-6.86823556606e-05	2844542.28558	2202368.66139	5249726.4873
8	67135	0.00323540382024	-6.867031937e-05	2844543.40057	2202370.63445	5249731.31391
8	67136	0.00323445059203	-6.86715088812e-05	2844541.52776	2202370.95544	5249730.79385
8	67137	0.0032335150442	-6.86710243237e-05	2844542.28739	2202371.12761	5249730.54718
8	67138	0.0032325803838	-6.86722762846e-05	2844543.59604	2202368.85046	5249730.02872
8	67139	0.00323219701472	-6.8665212227e-05	2844545.31141	2202371.16089	5249732.0582
8	67140	0.00323153433965	-6.86603648705e-05	2844545.33628	2202370.22443	5249733.30925
8	67141	0.00323090897151	-6.86555968634e-05	2844544.75906	2202369.5247	5249735.82364
8	67142	0.00323059438702	-6.86468488343e-05	2844545.64877	2202373.33018	5249738.97959
8	67143	0.00322914403018	-6.86536974353e-05	2844546.98904	2202371.19531	5249736.5991
8	67144	0.00322815741448	-6.8654743637e-05	2844546.43632	2202371.21581	5249737.02333
8	67145	0.00322747005453	-6.86500153218e-05	2844545.53544	2202370.60006	5249738.76857
8	67146	0.00322693867342	-6.86452492963e-05	2844546.1099	2202371.74034	5249741.22415
8	67147	0.00322675961639	-6.86333284588e-05	2844546.20835	2202371.65072	5249746.10303
8	67148	0.00322557553933	-6.86372629971e-05	2844545.99787	2202373.38293	5249744.54368
8	67149	0.00322451020024	-6.86366978865e-05	2844546.49443	2202372.891	5249744.90975
8	67150	0.00322370658947	-6.86336244812e-05	2844546.74594	2202372.9841	5249746.06923
8	67151	0.00322228306742	-6.86423508105e-05	2844544.71849	2202370.90151	5249743.53204
8	67152	0.0032218087597	-6.86343157943e-05	2844546.24189	2202373.37638	5249745.75231
8	67153	0.00322097705522	-6.863147448e-05	2844547.70175	2202376.22341	5249745.65081
8	67154	0.0032194263467	-6.86393133229e-05	2844546.98796	2202372.06208	5249744.15946
8	67155	0.00321880352501	-6.86350128539e-05	2844548.21145	2202375.69011	5249745.01721
8	67156	0.00321847999302	-6.86218085105e-05	2844549.09194	2202373.74871	5249749.56136
8	67157	0.0032172425577	-6.86253923896e-05	2844547.07803	2202373.03492	5249748.20471
8	67158	0.00321697092471	-6.86143363249e-05	2844548.07122	2202373.49444	5249753.42003
8	67159	0.00321554384012	-6.862091597e-05	2844548.18109	2202373.48061	5249749.94227
8	67160	0.00321461871755	-6.86178142138e-05	2844548.9031	2202373.98245	5249752.42353
8	67161	0.00321348978897	-6.86190174645e-05	2844549.23171	2202374.43065	5249750.4973
8	67162	0.00321283754072	-6.86135645857e-05	2844549.92356	2202375.36573	5249752.17186
8	67163	0.00321147775092	-6.86179587313e-05	2844548.88658	2202374.36378	5249751.49068
8	67164	0.00321155318974	-6.86001588115e-05	2844552.76037	2202377.23397	5249756.48555
8	67165	0.0032097395515	-6.86098419462e-05	2844550.8592	2202374.97274	5249754.48159
8	67166	0.00320879364823	-6.86072581283e-05	2844552.09189	2202375.77059	5249755.94063
8	67167	0.00320795849066	-6.86045099859e-05	2844551.29073	2202376.70142	5249756.72278
8	67168	0.00320754012494	-6.85924499078e-05	2844551.37625	2202377.8751	5249760.69644
8	67169	0.0032058539058	-6.86016519104e-05	2844549.63042	2202375.97291	5249757.68575
8	67170	0.00320493115348	-6.85996245605e-05	2844549.59899	2202378.62168	5249757.68699
8	67171	0.00320403708229	-6.85933945339e-05	2844552.18315	2202378.47684	5249760.05219
8	67172	0.00320353454406	-6.85843836277e-05	2844553.22766	2202379.35998	5249763.78357
8	67173	0.00320213511257	-6.85896094288e-05	2844552.15717	2202378.5026	5249761.94455
8	67174	0.00320206977045	-6.8572855646e-05	2844552.76386	2202381.84254	5249768.72451
8	67175	0.00320036622345	-6.85820642779e-05	2844551.42352	2202381.05007	5249764.79787
8	67176	0.0031989961678	-6.85833492114e-05	2844551.79995	2202380.51869	5249764.28543
8	67177	0.00319799467531	-6.85806699508e-05	2844553.32261	2202382.27419	5249766.1118
8	67178	0.00319717400241	-6.85747331838e-05	2844553.05331	2202380.84054	5249769.01883
8	67179	0.00319590371499	-6.85740466322e-05	2844554.27356	2202380.11026	5249768.68207
8	67180	0.00319461676057	-6.85780780235e-05	2844551.91325	2202378.51171	5249768.57152
8	67181	0.00319363034433	-6.85742170821e-05	2844553.89778	2202381.06347	5249769.00575
8	67182	0.00319288274907	-6.85658554956e-05	2844556.18338	2202381.37185	5249771.14523
8	67183	0.00319207793139	-6.85597733789e-05	2844555.8133	2202382.00169	5249773.87164
8	67184	0.00319051951823	-6.85648760004e-05	2844553.52352	2202379.70065	5249773.54313
8	67185	0.00318948403644	-6.85606116682e-05	2844555.18595	2202378.41515	5249773.98458
8	67186	0.00318891085095	-6.85517405358e-05	2844557.52922	2202383.36562	5249777.7064
8	67187	0.00318705923626	-6.85613359727e-05	2844555.69738	2202381.51408	5249774.38737
8	67188	0.00318566840278	-6.85631371452e-05	2844555.41509	2202381.43586	5249773.14443
8	67189	0.00318541318597	-6.85480751325e-05	2844556.30232	2202383.26746	5249778.43757
8	67190	0.0031850893577	-6.85343443206e-05	2844557.75167	2202386.9517	5249784.03159
8	67191	0.00318288449732	-6.85483728529e-05	2844555.13197	2202383.3548	5249779.3779
8	67192	0.00318131454577	-6.85531361149e-05	2844555.95322	2202382.6414	5249778.17172
8	67193	0.00318019417977	-6.85495781233e-05	2844556.80463	2202382.06457	5249779.21121
8	67194	0.00317921174753	-6.85443604495e-05	2844558.55703	2202385.92073	5249780.15341
8	67195	0.00317855144179	-6.85343839654e-05	2844558.52187	2202385.16866	5249784.71557
8	67196	0.00317712377664	-6.8535373546e-05	2844557.46057	2202381.62858	5249784.79625
8	67197	0.00317580591259	-6.85358159528e-05	2844557.70025	2202385.97589	5249784.55742
8	67198	0.00317444275623	-6.85351608468e-05	2844559.19129	2202387.34498	5249784.1054
8	67199	0.00317279113076	-6.85403584852e-05	2844558.20871	2202384.87109	5249782.42938
8	67200	0.00317248499919	-6.85233894743e-05	2844560.22319	2202387.2294	5249788.54748
8	67201	0.00317115838906	-6.85245793582e-05	2844558.42076	2202388.53696	5249787.13085
8	67202	0.00316960788323	-6.8527316628e-05	2844558.18499	2202385.20305	5249787.46617
8	67203	0.00316874188996	-6.85190141033e-05	2844559.95484	2202388.56387	5249790.00048
8	67204	0.00316703849177	-6.85231405538e-05	2844559.97102	2202384.76014	5249789.61644
8	67205	0.00316582157356	-6.85216658849e-05	2844561.00634	2202385.99409	5249790.21507
8	67206	0.00316452526163	-6.85193320733e-05	2844560.94965	2202385.1069	5249790.75408
8	67207	0.00316371769326	-6.85098397026e-05	2844561.16056	2202387.38074	5249794.58866
8	67208	0.00316175251867	-6.85177319538e-05	2844558.80696	2202383.09625	5249791.65381
8	67209	0.00315996457607	-6.8524628124e-05	2844559.3074	2202385.55239	5249789.29217
8	67210	0.00315923068713	-6.85125283123e-05	2844561.5203	2202388.15903	5249791.84598
8	67211	0.00315777217537	-6.85144969343e-05	2844560.54564	2202387.83031	5249792.67767
8	67212	0.00315710662183	-6.85010677386e-05	2844561.96779	2202388.35728	5249796.41731
8	67213	0.00315567735766	-6.85030262168e-05	2844562.4765	2202390.06497	5249795.83952
8	67214	0.00315394469714	-6.85070427022e-05	2844561.00138	2202388.01579	5249794.53551
8	67215	0.00315347222148	-6.84919907247e-05	2844564.39252	2202392.65793	5249800.22845
8	67216	0.00315158623817	-6.84993714945e-05	2844561.6939	2202389.56075	5249796.98479
8	67217	0.00315028590225	-6.84962971861e-05	2844560.24841	2202388.50949	5249800.40395
8	67218	0.00314959922051	-6.8483987156e-05	2844562.1009	2202391.98102	5249804.07328
8	67219	0.00314817192896	-6.84832579206e-05	2844563.26925	2202392.29519	5249805.04616
8	67220	0.00314621588444	-6.84893465253e-05	2844564.51743	2202390.06042	5249802.45093
8	67221	0.00314440366555	-6.84948993663e-05	2844563.44315	2202390.49552	5249800.32789
8	67222	0.00314321183742	-6.84909220206e-05	2844562.49307	2202391.15776	5249800.29951
8	67223	0.00314210939236	-6.84846406727e-05	2844562.7601	2202391.98741	5249802.52285
8	67224	0.00314076350304	-6.84822892991e-05	2844562.57184	2202392.59793	5249804.02459
8	67225	0.00313875348974	-6.84900624824e-05	2844562.08028	2202391.19382	5249801.50765
8	67226	0.00313803022849	-6.84761379224e-05	2844563.8349	2202391.51791	5249807.06049
8	67227	0.00313589449911	-6.84857650302e-05	2844562.84986	2202391.83526	5249803.65938
8	67228	0.00313511193196	-6.84738259149e-05	2844564.44434	2202392.94682	5249807.16454
8	67229	0.00313406987084	-6.8466244728e-05	2844564.90651	2202393.45443	5249810.23392
8	67230	0.0031322762725	-6.84700587902e-05	2844566.28859	2202392.60041	5249808.53794
8	67231	0.00313099250034	-6.84656695597e-05	2844566.36722	2202393.79683	5249810.83104
8	67232	0.00312979874656	-6.84603268597e-05	2844567.30247	2202394.2105	5249813.37989
8	67233	0.00312845630009	-6.84563706893e-05	2844566.97271	2202394.70819	5249815.04325
8	67234	0.00312720037929	-6.84516418512e-05	2844567.13038	2202392.80201	5249817.04682
8	67235	0.00312491765883	-6.84628946258e-05	2844565.42362	2202392.52999	5249813.95039
8	67236	0.00312320615057	-6.84653481718e-05	2844565.94948	2202393.63202	5249812.08198
8	67237	0.00312166200852	-6.8463629496e-05	2844565.68131	2202393.83762	5249813.95733
8	67238	0.0031208153563	-6.8452543493e-05	2844566.25114	2202396.35589	5249817.10634
8	67239	0.00311983305923	-6.84429591607e-05	2844566.97229	2202399.0998	5249821.02654
8	67240	0.00311838207535	-6.84383974496e-05	2844566.94898	2202397.21451	5249822.11278
8	67241	0.00311569613083	-6.84542604194e-05	2844564.02735	2202391.18917	5249818.29081
8	67242	0.00311461413959	-6.84468339611e-05	2844566.04317	2202395.69976	5249819.86925
8	67243	0.00311312705678	-6.84456778871e-05	2844567.33321	2202397.96239	5249819.92554
8	67244	0.00311163323189	-6.84415295995e-05	2844567.4011	2202397.52759	5249821.16057
8	67245	0.00310990520821	-6.84428925169e-05	2844566.72829	2202395.66378	5249821.21204
8	67246	0.00310773736786	-6.84521086753e-05	2844567.16925	2202395.47293	5249817.13758
8	67247	0.00310712907058	-6.84362778016e-05	2844568.93225	2202398.72369	5249822.1053
8	67248	0.00310528834882	-6.84377686619e-05	2844568.0242	2202398.44539	5249820.7277
8	67249	0.00310343718628	-6.84398064e-05	2844569.28434	2202398.23027	5249820.01549
8	67250	0.00310245003436	-6.84289210654e-05	2844570.45827	2202398.82646	5249824.46226
8	67251	0.00310087128358	-6.84290109251e-05	2844570.05693	2202397.82958	5249825.11212
8	67252	0.00309930193622	-6.84273680673e-05	2844570.93179	2202398.79652	5249825.46043
8	67253	0.00309780931153	-6.84232747761e-05	2844571.04868	2202396.86526	5249828.0142
8	67254	0.00309651398159	-6.84173966649e-05	2844572.14419	2202400.93761	5249830.25477
8	67255	0.00309437734143	-6.84232031878e-05	2844569.8357	2202399.695	5249828.02562
8	67256	0.00309294994439	-6.84183762073e-05	2844570.54446	2202399.33467	5249831.37685
8	67257	0.00309188033347	-6.84076617488e-05	2844572.04176	2202402.00016	5249833.52334
8	67258	0.00308967132261	-6.8414849621e-05	2844571.48817	2202399.93496	5249831.2144
8	67259	0.00308794442993	-6.84161587946e-05	2844572.25761	2202399.82822	5249830.61744
8	67260	0.00308634338214	-6.84129116653e-05	2844570.91952	2202400.80047	5249832.16992
8	67261	0.00308468233798	-6.841117676e-05	2844570.902	2202402.97009	5249831.63119
8	67262	0.00308313850671	-6.84096640374e-05	2844570.52198	2202401.073	5249833.58481
8	67263	0.00308107445064	-6.84130957563e-05	2844570.95933	2202402.3092	5249832.06262
8	67264	0.00307950846764	-6.84093883023e-05	2844572.02214	2202400.72659	5249833.77247
8	67265	0.00307807457869	-6.84034741351e-05	2844571.91332	2202398.53969	5249836.33377
8	67266	0.00307642848422	-6.8403013132e-05	2844571.39536	2202399.73315	5249836.68368
8	67267	0.00307614305581	-6.83792889334e-05	2844575.13464	2202406.02785	5249844.01707
8	67268	0.00307384442507	-6.83866460858e-05	2844574.41343	2202403.88843	5249842.48791
8	67269	0.00307146169907	-6.83947574554e-05	2844573.16118	2202403.31281	5249838.99342
8	67270	0.00306933610491	-6.84003743292e-05	2844572.81335	2202403.85399	5249836.80341
8	67271	0.00306824046638	-6.83879665946e-05	2844573.63485	2202402.85755	5249843.06679
8	67272	0.00306644110927	-6.83893768376e-05	2844572.69975	2202401.84373	5249844.34316
8	67273	0.00306532314201	-6.83790369342e-05	2844573.5539	2202404.32121	5249847.11643
8	67274	0.00306323448183	-6.83813066701e-05	2844573.63514	2202403.08762	5249845.21845
8	67275	0.00306143000568	-6.83803959928e-05	2844573.09977	2202403.90764	5249845.1665
8	67276	0.00305971155803	-6.83780020066e-05	2844573.82758	2202403.79015	5249846.28536
8	67277	0.00305790723924	-6.83805774993e-05	2844574.96536	2202405.15986	5249845.55101
8	67278	0.0030562823944	-6.8373541974e-05	2844574.89123	2202404.90702	5249847.46284
8	67279	0.00305463358257	-6.83727032965e-05	2844575.37651	2202407.84492	5249846.7893
8	67280	0.00305224593787	-6.83791925481e-05	2844574.52346	2202404.13589	5249845.81092
8	67281	0.0030505669229	-6.83771312854e-05	2844574.9741	2202405.60353	5249846.19977
8	67282	0.00304895355357	-6.83739640073e-05	2844573.82346	2202405.28951	5249848.12423
8	67283	0.0030476432408	-6.83665438695e-05	2844574.5533	2202405.68092	5249850.16776
8	67284	0.00304556731625	-6.83682273239e-05	2844573.80876	2202405.41219	5249850.95626
8	67285	0.00304394386388	-6.83638144249e-05	2844576.74922	2202406.87446	5249850.79779
8	67286	0.00304134265204	-6.83724038672e-05	2844576.10346	2202404.66948	5249848.61638
8	67287	0.00303973095585	-6.83673794617e-05	2844575.39507	2202405.13195	5249850.15341
8	67288	0.00303816428208	-6.83636406108e-05	2844576.39397	2202406.5006	5249851.71705
8	67289	0.00303656841745	-6.83595779659e-05	2844575.60795	2202404.9363	5249853.721
8	67290	0.0030344592081	-6.83629614157e-05	2844576.06432	2202403.9496	5249853.24172
8	67291	0.00303306975318	-6.83545935648e-05	2844577.30269	2202405.62726	5249855.86783
8	67292	0.00303136256755	-6.83506212129e-05	2844577.98728	2202406.06454	5249856.23387
8	67293	0.00303000618261	-6.83407437517e-05	2844578.1791	2202409.88347	5249859.03589
8	67294	0.00302758442942	-6.8347298624e-05	2844576.7913	2202406.18522	5249858.79835
8	67295	0.00302503710583	-6.83581853361e-05	2844575.74696	2202404.83799	5249854.01244
8	67296	0.00302324534286	-6.83560408545e-05	2844578.7614	2202406.12559	5249855.11278
8	67297	0.00302139149791	-6.83549227393e-05	2844577.82538	2202405.46163	5249855.7996
8	67298	0.0030200807181	-6.83452740588e-05	2844578.65746	2202406.84884	5249859.0924
8	67299	0.00301817892407	-6.83442878894e-05	2844578.53724	2202405.27857	5249860.75347
8	67300	0.00301679243703	-6.83352000383e-05	2844578.34294	2202407.05974	5249864.17643
8	67301	0.00301417952849	-6.83435127406e-05	2844579.17206	2202405.48329	5249861.53014
8	67302	0.00301240526234	-6.83403251819e-05	2844580.44198	2202409.94241	5249860.72082
8	67303	0.00301106819005	-6.83304094426e-05	2844581.51857	2202410.63325	5249864.23402
8	67304	0.00300922252378	-6.83269519589e-05	2844580.12526	2202407.57748	5249866.50397
8	67305	0.00300813954595	-6.83145555044e-05	2844582.37911	2202411.79996	5249870.22814
8	67306	0.0030057466678	-6.83194320361e-05	2844580.3346	2202410.35971	5249869.69157
8	67307	0.00300332271222	-6.83261156644e-05	2844579.65343	2202408.80926	5249866.45808
8	67308	0.00300154250444	-6.83205285278e-05	2844581.15202	2202409.33651	5249869.29328
8	67309	0.0029999705614	-6.83148261482e-05	2844581.61795	2202411.23444	5249870.91639
8	67310	0.00299818200524	-6.83086476887e-05	2844583.08303	2202411.05596	5249874.35979
8	67311	0.00299655926257	-6.8303942489e-05	2844583.08025	2202412.03329	5249875.3488
8	67312	0.00299415711281	-6.83090042489e-05	2844581.41327	2202411.03874	5249873.43852
8	67313	0.00299166940265	-6.83158087673e-05	2844580.68444	2202409.22789	5249871.55151
8	67314	0.00299044130365	-6.83038197205e-05	2844581.23521	2202411.85523	5249875.89489
8	67315	0.00298867255918	-6.8298438113e-05	2844582.11887	2202411.26748	5249877.83915
8	67316	0.00298718556842	-6.82909417484e-05	2844583.13681	2202413.41271	5249880.5801
8	67317	0.00298466724566	-6.82983067576e-05	2844584.37154	2202413.18267	5249876.86767
8	67318	0.00298260114074	-6.8296606042e-05	2844583.53486	2202411.62895	5249879.55451
8	67319	0.00298067235106	-6.8296035715e-05	2844583.90659	2202412.32511	5249878.96176
8	67320	0.00297826325776	-6.83002147633e-05	2844582.29766	2202411.51903	5249877.36497
8	67321	0.00297704288327	-6.82872879707e-05	2844585.7537	2202418.33518	5249881.24941
8	67322	0.00297519897052	-6.82824209444e-05	2844586.0206	2202417.27846	5249882.94758
8	67323	0.00297306167823	-6.8283230226e-05	2844584.36808	2202415.08719	5249884.11315
8	67324	0.00297049938035	-6.82906741881e-05	2844583.20509	2202414.44925	5249880.91741
8	67325	0.00296868596089	-6.82847874363e-05	2844583.96701	2202414.38933	5249883.00309
8	67326	0.00296712967683	-6.82762405837e-05	2844585.77763	2202417.15987	5249885.73017
8	67327	0.00296446259148	-6.82864771358e-05	2844583.35162	2202412.12862	5249882.55385
8	67328	0.00296233377473	-6.82851796939e-05	2844584.57634	2202414.30621	5249883.69694
8	67329	0.0029599440661	-6.82877110165e-05	2844584.65263	2202411.85797	5249881.72816
8	67330	0.00295794544015	-6.82874340671e-05	2844584.5715	2202414.31653	5249881.18542
8	67331	0.00295623803302	-6.82807606145e-05	2844585.42902	2202412.93344	5249884.6049
8	67332	0.00295489475523	-6.82667979959e-05	2844586.34543	2202413.66775	5249890.74233
8	67333	0.00295298614072	-6.82650485933e-05	2844586.09646	2202415.52341	5249890.83524
8	67334	0.00295050675851	-6.826984303e-05	2844586.41834	2202413.98087	5249889.53388
8	67335	0.00294807769849	-6.8274758496e-05	2844585.08486	2202415.0697	5249887.07068
8	67336	0.00294618731501	-6.82705962803e-05	2844587.76433	2202414.76911	5249889.05762
8	67337	0.00294404782489	-6.82698041748e-05	2844586.64169	2202416.07916	5249889.64897
8	67338	0.00294264412996	-6.82556972959e-05	2844587.49289	2202418.70674	5249893.38336
8	67339	0.00294127388638	-6.82436012286e-05	2844588.72176	2202420.57946	5249897.60281
8	67340	0.0029384759876	-6.82549819886e-05	2844586.97171	2202417.89277	5249893.11129
8	67341	0.00293616310313	-6.8254741386e-05	2844587.74192	2202418.30844	5249893.93684
8	67342	0.00293409169835	-6.82544572865e-05	2844587.28491	2202418.30841	5249893.45513
8	67343	0.00293275876413	-6.82417118544e-05	2844590.52855	2202421.08119	5249898.12847
8	67344	0.00293005389872	-6.82510179156e-05	2844589.1111	2202417.83217	5249894.74848
8	67345	0.0029280456673	-6.82452313886e-05	2844589.90043	2202418.80417	5249897.79832
8	67346	0.00292571392436	-6.82493171288e-05	2844589.3919	2202418.93467	5249896.26991
8	67347	0.00292339047098	-6.82512468705e-05	2844588.5476	2202419.58245	5249896.24638
8	67348	0.00292160340982	-6.82413698946e-05	2844590.96435	2202418.18359	5249900.0635
8	67349	0.00291956280146	-6.82405646056e-05	2844589.22794	2202419.55219	5249900.24128
8	67350	0.00291696958243	-6.82458549262e-05	2844589.67493	2202420.38769	5249897.65734
8	67351	0.00291494092655	-6.82426794504e-05	2844590.43477	2202421.78459	5249898.9125
8	67352	0.0029130473821	-6.82373752034e-05	2844590.66435	2202419.88721	5249901.07708
8	67353	0.00291079363611	-6.82369103858e-05	2844590.10665	2202419.12665	5249901.98849
8	67354	0.0029093294913	-6.82242233289e-05	2844591.12045	2202420.24352	5249907.26311
8	67355	0.00290749295196	-6.82168831028e-05	2844591.43109	2202421.63004	5249909.65506
8	67356	0.00290480999983	-6.822290357e-05	2844589.3909	2202417.9441	5249908.41244
8	67357	0.00290242774312	-6.82270996085e-05	2844591.48077	2202419.80847	5249907.26565
8	67358	0.0029001600753	-6.82280789399e-05	2844590.84398	2202422.57546	5249905.88232
8	67359	0.00289798964008	-6.82269464535e-05	2844590.33085	2202421.78232	5249906.65637
8	67360	0.00289563323848	-6.82268971151e-05	2844589.41744	2202420.39638	5249907.73334
8	67361	0.00289347964283	-6.82259339832e-05	2844590.63032	2202419.66356	5249907.96876
8	67362	0.00289189222456	-6.82152226757e-05	2844591.91111	2202423.65131	5249911.19572
8	67363	0.00288926160853	-6.82225339206e-05	2844591.7866	2202423.63159	5249908.33705
8	67364	0.00288758580051	-6.82115189266e-05	2844594.30085	2202427.16448	5249910.72591
8	67365	0.00288501925392	-6.8214999731e-05	2844592.69334	2202425.09626	5249910.87579
8	67366	0.00288260774471	-6.82162728763e-05	2844591.41686	2202423.00198	5249910.02237
8	67367	0.00288087586976	-6.82082025303e-05	2844592.58766	2202423.7079	5249913.45399
8	67368	0.00287809495884	-6.8214615848e-05	2844590.94748	2202423.5661	5249911.67208
8	67369	0.00287610043478	-6.82094837994e-05	2844592.05581	2202423.17004	5249913.63687
8	67370	0.00287385602609	-6.82072001699e-05	2844592.19645	2202421.9647	5249914.06797
8	67371	0.00287171616048	-6.82042413445e-05	2844592.35118	2202421.53664	5249915.38648
8	67372	0.00287040588569	-6.81909126179e-05	2844593.7998	2202427.3309	5249919.44831
8	67373	0.00286792771304	-6.81901942165e-05	2844595.30879	2202425.5236	5249920.37228
8	67374	0.00286543204054	-6.81928489584e-05	2844594.20711	2202426.8476	5249919.81547
8	67375	0.00286296743519	-6.81990767973e-05	2844595.11446	2202424.34455	5249916.3137
8	67376	0.00286016911826	-6.82048862284e-05	2844593.2736	2202422.95726	5249914.78682
8	67377	0.00285828049656	-6.81992228019e-05	2844595.53285	2202427.73321	5249916.22722
8	67378	0.00285674437174	-6.818535974e-05	2844595.54143	2202430.22749	5249921.83542
8	67379	0.00285441744599	-6.81823737194e-05	2844595.32986	2202427.97163	5249923.36567
8	67380	0.00285149250759	-6.81907991201e-05	2844595.15845	2202426.43174	5249919.9573
8	67381	0.00284915237812	-6.81926457411e-05	2844594.11909	2202425.30059	5249919.81595
8	67382	0.00284714746317	-6.81866982609e-05	2844594.03352	2202426.02858	5249922.30346
8	67383	0.00284559645432	-6.81761777889e-05	2844595.0982	2202429.25523	5249926.63022
8	67384	0.00284307650999	-6.81778182449e-05	2844595.66159	2202428.44888	5249924.23118
8	67385	0.00284126961549	-6.81681134203e-05	2844598.32337	2202429.80184	5249928.00458
8	67386	0.00283810164161	-6.81801261119e-05	2844596.88545	2202428.35544	5249923.81397
8	67387	0.00283572141618	-6.81798706501e-05	2844596.03336	2202428.83245	5249923.76016
8	67388	0.00283385415995	-6.81712316927e-05	2844598.99597	2202430.13488	5249925.49581
8	67389	0.00283153391699	-6.81712984992e-05	2844597.9768	2202428.54537	5249928.10534
8	67390	0.00282949006294	-6.81651063182e-05	2844600.03978	2202431.72333	5249929.25783
8	67391	0.00282673453254	-6.81708877494e-05	2844598.45934	2202430.04943	5249926.73344
8	67392	0.00282425968767	-6.81716904606e-05	2844596.94202	2202427.61171	5249928.38107
8	67393	0.00282217196985	-6.81691785385e-05	2844597.28201	2202429.12364	5249928.98945
8	67394	0.0028201503584	-6.81630799438e-05	2844597.42767	2202429.1457	5249931.25671
8	67395	0.00281776051591	-6.81604716309e-05	2844599.04819	2202429.57828	5249931.02686
8	67396	0.00281557671413	-6.81582977087e-05	2844598.48494	2202433.10257	5249932.35768
8	67397	0.00281335205699	-6.81534544146e-05	2844600.43845	2202431.6365	5249935.3297
8	67398	0.00281005898526	-6.81692147587e-05	2844599.48231	2202430.2028	5249927.67676
8	67399	0.00280817611227	-6.81584700467e-05	2844599.7232	2202431.12124	5249932.64888
8	67400	0.00280611764731	-6.81532912492e-05	2844599.3402	2202433.40678	5249933.53321
8	67401	0.00280378436462	-6.81503877334e-05	2844599.61061	2202433.25854	5249935.69711
8	67402	0.00280148430828	-6.81494632466e-05	2844600.60349	2202431.68393	5249934.73447
8	67403	0.00279917299357	-6.81464346561e-05	2844601.58942	2202433.27756	5249935.59827
8	67404	0.00279674571815	-6.81455050464e-05	2844601.98113	2202432.83316	5249935.99443
8	67405	0.00279502388565	-6.81339188647e-05	2844603.20908	2202434.07881	5249940.56901
8	67406	0.00279291207712	-6.81279810622e-05	2844603.69692	2202436.04239	5249943.28457
8	67407	0.00279008799755	-6.81351724728e-05	2844601.1967	2202431.797	5249942.29939
8	67408	0.00278720795539	-6.81431913265e-05	2844599.97137	2202432.13004	5249938.54271
8	67409	0.00278484412917	-6.81402137228e-05	2844599.99764	2202432.16012	5249939.90403
8	67410	0.00278238621447	-6.81393163308e-05	2844600.03106	2202431.10518	5249939.99008
8	67411	0.00278059343045	-6.81298663913e-05	2844602.34834	2202433.94508	5249941.893
8	67412	0.00277796755494	-6.81313944557e-05	2844600.89048	2202431.33553	5249943.07167
8	67413	0.00277541910721	-6.81335165913e-05	2844601.03334	2202433.08502	5249941.39895
8	67414	0.00277276321236	-6.81363941561e-05	2844601.41026	2202433.17284	5249941.06685
8	67415	0.00277089370768	-6.81261839543e-05	2844604.00315	2202435.74744	5249943.52349
8	67416	0.00276782980308	-6.81346977716e-05	2844602.49896	2202433.92375	5249941.24569
8	67417	0.0027660875013	-6.8124583031e-05	2844603.64466	2202435.62666	5249944.64006
8	67418	0.00276350117473	-6.81245687851e-05	2844603.1203	2202432.6658	5249946.52543
8	67419	0.00276091047784	-6.81278085165e-05	2844603.20868	2202432.58979	5249944.37542
8	67420	0.00275883378136	-6.81221124533e-05	2844605.03678	2202434.93688	5249947.2396
8	67421	0.00275616773258	-6.81235757662e-05	2844604.00613	2202433.01198	5249947.78055
8	67422	0.00275412913538	-6.81149552965e-05	2844604.37692	2202435.519	5249949.26432
8	67423	0.00275186893417	-6.81117418611e-05	2844604.23592	2202437.6757	5249949.84445
8	67424	0.00274933601135	-6.81113253241e-05	2844604.08004	2202437.5078	5249951.62084
8	67425	0.00274709476774	-6.81070694359e-05	2844604.87303	2202438.49111	5249952.36078
8	67426	0.0027443583919	-6.81090964888e-05	2844604.13465	2202437.38917	5249951.14818
8	67427	0.00274178025849	-6.81122615888e-05	2844604.75454	2202438.68025	5249949.66506
8	67428	0.00273965404799	-6.81049703065e-05	2844605.59865	2202437.94737	5249951.96317
8	67429	0.00273779931838	-6.80927013059e-05	2844606.47692	2202440.42434	5249956.86258
8	67430	0.00273440297992	-6.81058890355e-05	2844605.03702	2202435.41003	5249953.21313
8	67431	0.00273195509603	-6.81063616494e-05	2844606.54019	2202436.24941	5249952.82895
8	67432	0.00272946347505	-6.81072005352e-05	2844604.94292	2202437.52872	5249951.56678
8	67433	0.00272643201542	-6.81149097806e-05	2844603.75021	2202435.22165	5249950.50088
8	67434	0.00272428581476	-6.81071108458e-05	2844604.75441	2202437.4536	5249951.93159
8	67435	0.0027227692801	-6.80887017145e-05	2844606.01226	2202439.1012	5249958.51591
8	67436	0.00271970448178	-6.80987308324e-05	2844605.64368	2202436.51714	5249955.36353
8	67437	0.00271770241832	-6.808807633e-05	2844604.9821	2202438.78713	5249960.41276
8	67438	0.00271546975495	-6.80838480524e-05	2844606.42931	2202439.4181	5249961.43191
8	67439	0.00271273118459	-6.80873780108e-05	2844605.90438	2202439.59022	5249960.11767
8	67440	0.00271010578023	-6.8088879071e-05	2844606.43459	2202441.03072	5249958.81865
8	67441	0.00270783035432	-6.80824452505e-05	2844607.80076	2202442.3129	5249959.6065
8	67442	0.00270482639009	-6.80912574334e-05	2844606.20337	2202438.86538	5249958.03759
8	67443	0.00270271418575	-6.80810126894e-05	2844608.53553	2202441.19383	5249961.21332
8	67444	0.0027002063576	-6.80801166275e-05	2844608.51258	2202440.13757	5249961.47701
8	67445	0.00269763732897	-6.80824829463e-05	2844608.24694	2202440.41792	5249962.16504
8	67446	0.0026953464969	-6.8076864551e-05	2844608.87046	2202440.19611	5249965.08863
8	67447	0.00269334704178	-6.80687459047e-05	2844610.50675	2202440.50492	5249966.82094
8	67448	0.00269059230394	-6.80719929291e-05	2844609.61654	2202442.81786	5249964.96572
8	67449	0.00268812996289	-6.80709067449e-05	2844611.79381	2202444.60985	5249964.57103
8	67450	0.00268536725143	-6.80718433431e-05	2844610.35325	2202443.11007	5249965.19295
8	67451	0.00268315827604	-6.80658317017e-05	2844610.29114	2202443.5336	5249967.09171
8	67452	0.00268028290441	-6.80705799551e-05	2844609.86534	2202441.02842	5249967.82571
8	67453	0.00267833283282	-6.8060754977e-05	2844609.99215	2202441.56534	5249969.90068
8	67454	0.00267597385231	-6.80552105029e-05	2844609.76793	2202442.69452	5249972.38408
8	67455	0.00267326395566	-6.8054861746e-05	2844610.38678	2202442.01055	5249972.77202
8	67456	0.00267073247535	-6.80554686569e-05	2844610.95791	2202446.84486	5249971.49494
8	67457	0.00266745773843	-6.80671230689e-05	2844609.61303	2202444.07456	5249967.38275
8	67458	0.00266565759843	-6.80522889219e-05	2844611.86096	2202444.84912	5249972.73525
8	67459	0.00266256780172	-6.80623499635e-05	2844609.92032	2202441.6835	5249970.00223
8	67460	0.00266041660706	-6.80550247066e-05	2844611.67752	2202443.84381	5249973.50873
8	67461	0.00265819246694	-6.80483450426e-05	2844612.67074	2202447.21222	5249975.30126
8	67462	0.00265542350655	-6.80490059656e-05	2844611.90947	2202443.7671	5249976.2604
8	67463	0.00265317865076	-6.80436047344e-05	2844612.43033	2202446.272	5249977.13161
8	67464	0.00265089570989	-6.80379988311e-05	2844613.15498	2202448.03345	5249978.69781
8	67465	0.0026479563417	-6.80440692484e-05	2844613.34101	2202445.00908	5249976.67539
8	67466	0.00264608187371	-6.80320187688e-05	2844615.3559	2202448.01151	5249980.62367
8	67467	0.00264307039432	-6.80373005685e-05	2844614.52239	2202446.87872	5249978.16037
8	67468	0.00264028178716	-6.80383894867e-05	2844612.0405	2202444.92607	5249979.45117
8	67469	0.00263809177243	-6.80327500482e-05	2844614.24365	2202448.59188	5249980.09148
8	67470	0.0026358466685	-6.80270942823e-05	2844614.90903	2202447.42427	5249983.60254
8	67471	0.00263339197981	-6.80250037897e-05	2844615.73012	2202449.48503	5249983.38859
8	67472	0.00263030818073	-6.803229913e-05	2844616.31764	2202449.62324	5249981.15495
8	67473	0.00262745590101	-6.80337358616e-05	2844614.47136	2202447.40633	5249980.25589
8	67474	0.00262555061357	-6.80223181011e-05	2844616.39047	2202449.85005	5249983.74537
8	67475	0.00262268706587	-6.80276244224e-05	2844615.63674	2202448.73623	5249981.93547
8	67476	0.00261996949649	-6.80268024849e-05	2844614.39922	2202449.00287	5249982.44988
8	67477	0.0026178794302	-6.80150942075e-05	2844616.82306	2202449.91814	5249985.40811
8	67478	0.00261488047583	-6.80205731175e-05	2844615.6601	2202450.30017	5249984.50059
8	67479	0.00261265632252	-6.80119851461e-05	2844616.9597	2202449.1276	5249988.20092
8	67480	0.0026102244646	-6.80083212276e-05	2844617.63596	2202450.73216	5249988.96443
8	67481	0.00260761122363	-6.80085346092e-05	2844615.49769	2202450.48545	5249990.86171
8	67482	0.00260491947514	-6.80101124827e-05	2844615.22868	2202450.29214	5249989.58228
8	67483	0.00260258649529	-6.80029102042e-05	2844616.30493	2202451.16693	5249991.93028
8	67484	0.00259929864089	-6.80149383317e-05	2844615.04175	2202449.57737	5249987.58312
8	67485	0.00259707591422	-6.80079089815e-05	2844615.98854	2202451.45302	5249989.74827
8	67486	0.00259441405227	-6.80064721712e-05	2844616.35068	2202449.73238	5249990.28993
8	67487	0.00259162958376	-6.80062981008e-05	2844615.22707	2202448.22177	5249991.48602
8	67488	0.00258931680302	-6.80015466388e-05	2844617.33933	2202451.70684	5249992.46615
8	67489	0.00258640166761	-6.80050970128e-05	2844618.80941	2202449.96549	5249990.16301
8	67490	0.00258332534841	-6.80121483664e-05	2844615.15182	2202450.33866	5249988.57287
8	67491	0.00258119252482	-6.8003068057e-05	2844616.56533	2202450.279	5249991.68909
8	67492	0.00257889062146	-6.79958706423e-05	2844616.56118	2202450.61334	5249995.34762
8	67493	0.00257556373129	-6.80069396244e-05	2844615.41707	2202446.53478	5249991.19288
8	67494	0.00257363863655	-6.79936883941e-05	2844617.6115	2202451.43663	5249995.4225
8	67495	0.00257085960883	-6.7995514952e-05	2844616.37626	2202451.16265	5249996.16029
8	67496	0.00256834032133	-6.79944618433e-05	2844618.2238	2202453.48907	5249995.35294
8	67497	0.00256562340394	-6.79931182339e-05	2844617.31808	2202454.29774	5249995.41667
8	67498	0.00256336332052	-6.79867486653e-05	2844619.16342	2202455.26497	5249997.84657
8	67499	0.00256105082245	-6.79795445847e-05	2844619.70079	2202455.41273	5250000.21827
8	67500	0.00255801790375	-6.7984455682e-05	2844618.30838	2202454.27902	5249998.77918
8	67501	0.00255509660288	-6.79898110328e-05	2844617.27634	2202453.2674	5249997.02593
8	67502	0.00255213714115	-6.79919686908e-05	2844616.73456	2202452.76831	5249996.41769
8	67503	0.00254919297839	-6.79979499063e-05	2844615.48974	2202449.5605	5249995.22208
8	67504	0.00254703238225	-6.79892140993e-05	2844616.63724	2202450.98877	5249998.21243
8	67505	0.00254436740582	-6.79892722984e-05	2844615.65468	2202451.11486	5249998.25235
8	67506	0.00254224341276	-6.79770036121e-05	2844618.62044	2202453.9347	5250002.17842
8	67507	0.00253945431192	-6.79787008872e-05	2844618.50895	2202453.03111	5250002.1747
8	67508	0.00253694674731	-6.79763877874e-05	2844620.11848	2202454.50214	5250003.66955
8	67509	0.00253469710315	-6.79666658486e-05	2844622.71931	2202457.00343	5250005.33896
8	67510	0.00253181271719	-6.79708606098e-05	2844620.39066	2202455.69862	5250005.19984
8	67511	0.00252920540207	-6.79678848403e-05	2844621.06445	2202457.17945	5250005.27988
8	67512	0.00252624710951	-6.79738992817e-05	2844619.63357	2202454.81393	5250002.56871
8	67513	0.00252385494149	-6.79660945642e-05	2844620.38948	2202457.5389	5250005.66778
8	67514	0.00252116165725	-6.79649348466e-05	2844620.5624	2202456.91766	5250006.91398
8	67515	0.00251857442736	-6.79629128312e-05	2844620.51542	2202457.35338	5250007.88073
8	67516	0.0025162331906	-6.79569848768e-05	2844621.86369	2202458.01648	5250010.0866
8	67517	0.00251298315811	-6.79653562758e-05	2844618.66469	2202455.89383	5250008.73885
8	67518	0.00251063897588	-6.79577300085e-05	2844620.71871	2202456.17708	5250010.98297
8	67519	0.00250769957093	-6.79624721281e-05	2844621.51629	2202457.64145	5250008.57125
8	67520	0.00250551389508	-6.79534969581e-05	2844622.23042	2202459.21814	5250012.35895
8	67521	0.00250317034785	-6.79469466644e-05	2844622.80135	2202461.13508	5250014.56707
8	67522	0.00250011368787	-6.79516082285e-05	2844620.75754	2202458.49339	5250012.57852
8	67523	0.00249731281743	-6.79515142298e-05	2844621.50239	2202460.16536	5250011.85936
8	67524	0.0024949434153	-6.79457652915e-05	2844623.70883	2202460.24495	5250013.96577
8	67525	0.00249186110521	-6.79516645614e-05	2844622.68469	2202459.32052	5250012.85413
8	67526	0.0024888889861	-6.79537329298e-05	2844621.46881	2202459.37985	5250012.03514
8	67527	0.00248661786297	-6.79458412973e-05	2844620.89575	2202460.03639	5250014.81626
8	67528	0.00248389402615	-6.79435869923e-05	2844621.88625	2202458.68784	5250016.40388
8	67529	0.00248161291327	-6.79372333516e-05	2844622.33854	2202458.60257	5250019.07847
8	67530	0.00247879384596	-6.79367782796e-05	2844622.66012	2202460.01108	5250018.48834
8	67531	0.00247605583788	-6.79353081761e-05	2844622.84815	2202458.48506	5250018.99051
8	67532	0.00247277788689	-6.79487259068e-05	2844621.6986	2202453.80075	5250014.3995
8	67533	0.0024710945442	-6.79306387915e-05	2844625.34448	2202459.77986	5250020.44428
8	67534	0.00246856399914	-6.79244084422e-05	2844626.50893	2202463.9652	5250021.5235
8	67535	0.00246535368998	-6.79320900374e-05	2844624.86447	2202462.81839	5250019.64484
8	67536	0.00246217961584	-6.79403354075e-05	2844623.48637	2202461.16218	5250015.36722
8	67537	0.00246044722446	-6.79229603047e-05	2844624.9868	2202465.10769	5250022.57621
8	67538	0.00245785567677	-6.79212343936e-05	2844625.23893	2202463.73531	5250023.34079
8	67539	0.00245512462429	-6.79167808189e-05	2844625.92068	2202461.85121	5250024.95438
8	67540	0.00245237555734	-6.79182946465e-05	2844626.741	2202462.13314	5250024.22199
8	67541	0.00244960565994	-6.79162885442e-05	2844626.56724	2202465.05705	5250024.81868
8	67542	0.00244649848617	-6.792191528e-05	2844626.16452	2202462.76877	5250022.15367
8	67543	0.00244398362929	-6.79201554237e-05	2844627.55602	2202465.19878	5250023.19732
8	67544	0.00244117871763	-6.79189871572e-05	2844627.23821	2202462.04095	5250023.78753
8	67545	0.00243868449724	-6.79153857849e-05	2844627.29258	2202464.37585	5250025.9741
8	67546	0.00243589578495	-6.79160430678e-05	2844626.41148	2202462.18582	5250025.73857
8	67547	0.00243328650743	-6.79123838253e-05	2844625.4905	2202462.28517	5250026.63449
8	67548	0.00243036449612	-6.79155926312e-05	2844624.94332	2202462.41472	5250026.21966
8	67549	0.0024284225119	-6.79022228077e-05	2844628.02169	2202467.60285	5250029.97103
8	67550	0.00242510769191	-6.79096643559e-05	2844625.6745	2202463.51715	5250027.96248
8	67551	0.00242281814142	-6.79023466047e-05	2844627.89871	2202464.22969	5250031.77172
8	67552	0.00242014216535	-6.79012940763e-05	2844627.65116	2202465.17748	5250031.20235
8	67553	0.00241748723823	-6.78979044666e-05	2844629.58627	2202465.83848	5250032.29713
8	67554	0.00241442369157	-6.79043370623e-05	2844627.58426	2202464.57359	5250029.33316
8	67555	0.00241138876743	-6.79091456504e-05	2844627.70431	2202462.31347	5250028.71506
8	67556	0.00240862984423	-6.79076742447e-05	2844627.67268	2202464.42655	5250028.07234
8	67557	0.00240668525253	-6.78911632015e-05	2844629.43528	2202465.60357	5250033.1932
8	67558	0.00240326531454	-6.79028952319e-05	2844626.83181	2202463.09192	5250030.58742
8	67559	0.00240054073467	-6.79027505024e-05	2844628.46407	2202463.79551	5250030.83231
8	67560	0.00239780480087	-6.79026166111e-05	2844628.50915	2202465.48206	5250031.29363
8	67561	0.00239494206065	-6.79048056896e-05	2844628.49275	2202464.39761	5250030.17465
8	67562	0.00239268768431	-6.78956825321e-05	2844629.43517	2202466.54894	5250033.65345
8	67563	0.00239017399329	-6.7888916074e-05	2844628.84235	2202467.46023	5250036.28742
8	67564	0.00238719499852	-6.78911106752e-05	2844628.26283	2202464.14199	5250036.09011
8	67565	0.00238505750556	-6.78807361277e-05	2844630.63551	2202468.21358	5250039.29004
8	67566	0.00238178061801	-6.78884979855e-05	2844630.24667	2202467.98297	5250036.40824
8	67567	0.00237910244349	-6.78867419982e-05	2844630.90545	2202468.48266	5250035.51657
8	67568	0.00237647739336	-6.78826577398e-05	2844631.39224	2202469.74022	5250036.88428
8	67569	0.00237396170513	-6.7880035188e-05	2844631.89455	2202471.76553	5250038.45621
8	67570	0.00237132125085	-6.78752630458e-05	2844631.60551	2202472.94418	5250040.48444
8	67571	0.00236864907639	-6.78751153897e-05	2844631.11701	2202470.894	5250041.43335
8	67572	0.00236608115629	-6.78698937852e-05	2844632.76339	2202472.98757	5250042.07646
8	67573	0.00236249543736	-6.78839903568e-05	2844629.30779	2202468.66164	5250038.73353
8	67574	0.00235977518889	-6.7882278782e-05	2844630.86478	2202469.01592	5250038.52879
8	67575	0.0023568208444	-6.78850093773e-05	2844630.88371	2202469.15549	5250037.5261
8	67576	0.0023548362438	-6.78684201255e-05	2844633.2045	2202473.33055	5250042.09659
8	67577	0.00235232482017	-6.78631307791e-05	2844632.41437	2202470.63592	5250045.22986
8	67578	0.00234906393	-6.78725518069e-05	2844630.74595	2202469.08743	5250043.50195
8	67579	0.00234645030504	-6.78701322252e-05	2844630.84693	2202469.01543	5250044.35919
8	67580	0.00234355592307	-6.78697679025e-05	2844630.72227	2202468.19978	5250043.50201
8	67581	0.00234105244333	-6.78650015678e-05	2844633.32302	2202469.70195	5250044.7994
8	67582	0.0023381162992	-6.7868291967e-05	2844633.0256	2202471.55143	5250042.25305
8	67583	0.00233515756512	-6.78683305313e-05	2844633.01909	2202471.06631	5250042.89458
