63059	503473.206378
63060	503663.37187
63067	504993.899976
63068	505183.715571
63069	505373.305032
63070	505563.00408
63071	505752.618429
63072	505942.288896
63073	506131.719394
63074	506321.271799
63075	506510.763789
63076	506699.971832
63077	506889.384779
63078	507078.684707
63079	507267.84044
63080	507456.924821
63081	507646.115293
63082	507835.152531
63083	508024.124457
63084	508212.977578
63085	508401.836582
63086	508590.619665
63087	508779.345516
63088	508967.926812
63089	509156.519269
63090	509344.990891
63091	509533.432705
63092	509721.935013
63093	509910.303026
63094	510098.582263
63095	510286.879819
63096	510475.134249
63097	510663.123798
63098	510851.35968
63099	511039.408381
63100	511227.320927
63101	511415.280603
63102	511603.028247
63103	511790.76819
63104	511978.470436
63105	512166.079813
63106	512353.585565
63107	512541.079232
63108	512728.439794
63109	512915.914729
63110	513103.112954
63111	513290.368498
63112	513477.73338
63113	513664.843495
63114	513852.006657
63115	514039.004729
63116	514226.065823
63117	514413.043004
63118	514599.898885
63119	514786.687701
63120	514973.347251
63121	515160.208564
63122	515346.800452
63123	515533.372688
63124	515719.695006
63125	515906.191987
63126	516092.458583
63127	516278.829806
63128	516465.010478
63129	516651.220432
63130	516837.446282
63131	517023.432817
63132	517209.455571
63133	517395.433277
63134	517581.533014
63135	517767.367581
63136	517953.160245
63137	518138.972134
63138	518324.628014
63139	518510.358133
63140	518695.817433
63141	518881.416509
63142	519066.795452
63143	519252.194503
63144	519437.49226
63145	519622.771642
63146	519808.012985
63147	519993.088914
63148	520178.321552
63149	520363.195811
63150	520548.229086
63151	520733.011706
63152	520918.047751
63153	521102.811711
63154	521287.579815
63155	521472.365998
63156	521657.009483
63157	521841.525866
63158	522026.071699
63159	522210.614536
63160	522394.940547
63161	522579.429463
63162	522763.557474
63163	522947.882709
63164	523131.892505
63165	523315.855289
63166	523500.084176
63167	523683.929814
63168	523867.941128
63169	524051.906316
63170	524235.636394
63171	524419.364276
63172	524603.154456
63173	524786.771662
63174	524970.436641
63175	525153.782722
63176	525337.303503
63177	525520.613383
63178	525704.032731
63179	525887.212916
63180	526070.253986
63181	526253.404105
63182	526436.453841
63183	526619.443233
63184	526802.478652
63185	526985.272563
63186	527168.217582
63187	527351.078398
63188	527533.791691
63189	527716.474342
63190	527898.836975
63191	528081.459279
63192	528263.905722
63193	528446.225355
63194	528628.57124
63195	528810.63216
63196	528993.034401
63197	529175.219267
63198	529357.45341
63199	529539.455053
63200	529721.521581
63201	529903.541503
63202	530085.259322
63203	530267.358686
63204	530448.935727
63205	530630.770125
63206	530812.264306
63207	530993.693395
63208	531175.201931
63209	531356.71106
63210	531538.163552
63211	531719.509147
63212	531900.861039
63213	532082.08746
63214	532263.177591
63215	532444.400895
63216	532625.522481
63217	532806.569605
63218	532987.419043
63219	533168.241868
63220	533349.065688
63221	533529.782458
63222	533710.630096
63223	533891.12673
63224	534071.753232
63225	534252.279727
63226	534432.823522
63227	534613.131975
63228	534793.528318
63229	534973.895364
63230	535154.032258
63231	535334.260243
63232	535514.363648
63233	535694.503484
63234	535874.549679
63235	536054.371196
63236	536234.30017
63237	536414.269536
63238	536593.934399
63239	536773.790991
63240	536953.447456
63241	537133.067338
63242	537312.702429
63243	537492.001269
63244	537671.512954
63245	537850.81374
63246	538030.183183
63247	538209.341946
63248	538388.612103
63249	538567.715624
63250	538746.788899
63251	538925.798218
63252	539104.843754
63253	539283.512752
63254	539462.470123
63255	539641.204934
63256	539820.081135
63257	539998.589104
63258	540176.997304
63259	540355.62484
63260	540534.034228
63261	540712.27709
63262	540890.736006
63263	541068.942637
63264	541247.091818
63265	541425.275636
63266	541603.350983
63267	541781.321228
63268	541959.317453
63269	542137.344652
63270	542315.169479
63271	542492.961815
63272	542670.870065
63273	542848.427071
63274	543026.051135
63275	543203.798912
63276	543381.39512
63277	543558.793664
63278	543735.998259
63279	543913.513094
63280	544090.711591
63281	544267.881413
63282	544445.031992
63283	544622.089261
63284	544799.172414
63285	544976.15325
63286	545152.970426
63287	545329.610324
63288	545506.370439
63289	545683.006872
63290	545859.786114
63291	546036.272056
63292	546212.869992
63293	546389.348664
63294	546565.872773
63295	546742.134251
63296	546918.660646
63297	547094.867982
63298	547271.03103
63299	547447.242863
63300	547623.394571
63301	547799.469783
63302	547975.40821
63303	548151.280967
63304	548327.160997
63305	548502.923662
63306	548678.721366
63307	548854.210063
63308	549029.850253
63309	549205.412155
63310	549380.744273
63311	549556.328582
63312	549731.809249
63313	549907.092414
63314	550082.333441
63315	550257.391621
63316	550432.661354
63317	550607.718006
63318	550782.744676
63319	550957.705688
63320	551132.56995
63321	551307.493386
63322	551482.19253
63323	551656.782793
63324	551831.633951
63325	552006.174393
63326	552180.769636
63327	552355.341049
63328	552529.812946
63329	552704.227168
63330	552878.540028
63331	553052.750666
63332	553227.008055
63333	553401.297257
63334	553575.392229
63335	553749.300732
63336	553923.259973
63337	554097.15721
63338	554271.080076
63339	554444.781582
63340	554618.372082
63341	554791.951923
63342	554965.504379
63343	555139.106797
63344	555312.368514
63345	555485.69584
63346	555659.156112
63347	555832.413842
63348	556005.672272
63349	556178.722776
63350	556351.855878
63351	556524.962422
63352	556697.951775
63353	556871.026393
63354	557043.814459
63355	557216.537978
63356	557389.549334
63357	557562.22443
63358	557734.91364
63359	557907.564457
63360	558079.976165
63361	558252.575012
63362	558424.787475
63363	558597.179719
63364	558769.371052
63365	558941.561733
63366	559113.75048
63367	559285.869614
63368	559457.832389
63369	559629.850694
63370	559801.548341
63371	559973.426215
63372	560145.137322
63373	560317.026347
63374	560488.714194
63375	560660.380935
63376	560832.043099
63377	561003.51803
63378	561175.059324
63379	561346.658257
63380	561518.06859
63381	561689.282882
63382	561860.531374
63383	562031.829102
63384	562202.778214
63385	562373.963011
63386	562544.926355
63387	562715.680911
63388	562886.500886
63389	563057.202673
63390	563227.905622
63391	563398.578429
63392	563569.092777
63393	563739.627307
63394	563910.025797
63395	564080.491007
63396	564250.759248
63397	564421.124736
63398	564591.402134
63399	564761.61413
63400	564931.668802
63401	565101.713438
63402	565271.683893
63403	565441.680904
63404	565611.631546
63405	565781.318077
63406	565951.198281
63407	566120.956228
63408	566290.476586
63409	566460.113644
63410	566629.755604
63411	566799.235609
63412	566968.792703
63413	567137.966527
63414	567307.27573
63415	567476.455828
63416	567645.735139
63417	567814.867197
63418	567983.702805
63419	568152.800388
63420	568321.709726
63421	568490.568618
63422	568659.504832
63423	568828.33118
63424	568997.086968
63425	569165.71746
63426	569334.350911
63427	569503.05685
63428	569671.472134
63429	569840.119485
63430	570008.428346
63431	570176.85061
63432	570345.299017
63433	570513.517334
63434	570681.701037
63435	570849.682919
63436	571017.776961
63437	571185.71509
63438	571353.589766
63439	571521.351397
63440	571689.154454
63441	571856.672832
63442	572024.394148
63443	572192.134504
63444	572359.653527
63445	572527.051227
63446	572694.445484
63447	572861.963027
63448	573029.13909
63449	573769.757895
63450	573363.923964
63451	573531.16066
63452	573698.131834
63453	573865.273741
63454	574032.139612
63455	574199.017199
63456	574366.060485
63457	574532.667942
63458	574699.366812
63459	574866.071266
63460	575032.717579
63461	575199.193052
63462	575365.616538
63463	575532.171697
63464	575698.361003
63465	575864.620642
63466	576030.818751
63467	576197.104115
63468	576363.247929
63469	576529.234506
63470	576695.318562
63471	576861.076946
63472	577026.999998
63473	577192.71729
63474	577358.466481
63475	577524.282477
63476	577689.760558
63477	577855.140812
63478	578020.59715
63479	578186.099367
63480	578351.286292
63481	578516.574088
63482	578681.830139
63483	578846.878073
63484	579012.1519
63485	579177.262781
63486	579342.303788
63487	579507.257033
63488	579672.321998
63489	579837.097849
63490	580001.95487
63491	580166.787736
63492	580331.437011
63493	580496.099102
63494	580660.697454
63495	580825.249023
63496	580989.693675
63497	581154.080275
63498	581318.302565
63499	581482.630953
63500	581646.654448
63501	581810.898812
63502	581974.929649
63503	582138.929811
63504	582302.896575
63505	582466.788991
63506	582630.685099
63507	582794.409007
63508	582958.144499
63509	583121.919472
63510	583285.427254
63511	583449.080743
63512	583612.576086
63513	583776.201232
63514	583939.525757
63515	584102.757022
63516	584265.945015
63517	584429.171163
63518	584592.277827
63519	584755.326782
63520	584918.38153
63521	585081.286124
63522	585244.072878
63523	585406.874342
63524	585569.636683
63525	585732.553301
63526	585895.179969
63527	586057.821527
63528	586220.241823
63529	586382.774057
63530	586545.275734
63531	586707.679433
63532	586869.962931
63533	587032.018981
63534	587194.38262
63535	587356.348059
63536	587518.378088
63537	587680.186915
63539	588004.080512
63540	588165.931264
63541	588327.59558
63542	588489.262652
63543	588650.876432
63544	588812.469856
63545	588973.936373
63546	589135.429144
63547	589296.644042
63548	589457.989902
63549	589619.269319
63550	589780.585929
63551	589941.611341
63552	590102.747534
63553	590263.726191
63554	590424.838061
63555	590585.684736
63556	590746.505505
63557	590907.399553
63558	591068.186805
63559	591228.894551
63560	591389.466358
63561	591550.005987
63562	591710.463252
63563	591870.974655
63564	592031.195573
63565	592191.564934
63566	592351.756738
63567	592511.932113
63568	592672.098252
63569	592832.092919
63570	592992.009048
63571	593152.050332
63572	593312.071236
63573	593471.757609
63574	593631.67826
63575	593791.297184
63576	593950.936511
63577	594110.630039
63578	594270.299241
63579	594429.797204
63580	594589.357295
63581	594748.738781
63582	594908.222979
63583	595067.536414
63584	595226.636278
63585	595385.711049
63586	595544.888631
63587	595703.939987
63588	595862.746512
63589	596021.521015
63590	596180.395879
63591	596339.214694
63592	596497.897817
63593	596656.705684
63594	596815.320658
63595	596973.773595
63596	597132.43304
63597	597290.651408
63598	597449.131336
63599	597009.678984
63600	597765.575737
63601	597923.749402
63602	598081.873135
63603	598239.969642
63604	598397.746952
63605	598555.664133
63606	598713.649055
63607	598871.268954
63608	599029.141001
63609	599186.914211
63610	599344.633471
63611	599502.007954
63612	599659.530509
63613	599817.125794
63614	599974.452957
63615	600131.812617
63616	600289.153023
63617	600446.322792
63618	600603.39762
63619	600760.588319
63620	600917.534831
63621	601074.561057
63622	601231.401026
63623	601388.165083
63624	601544.999239
63625	601701.636247
63626	601858.292448
63627	602014.978976
63628	602171.4496
63629	602327.955611
63630	602484.427415
63631	602640.831365
63632	602797.085015
63633	602953.297313
63634	603109.395541
63635	603265.677083
63636	603421.778688
63637	603577.801903
63638	603733.703312
63639	603889.598101
63640	604045.498116
63641	604201.30032
63642	604356.919551
63643	604512.627871
63644	604668.141697
63645	604823.626225
63646	604979.160827
63647	605134.464376
63648	605289.977416
63649	605445.166859
63650	605600.636603
63651	605755.895056
63652	605910.889294
63653	606066.099361
63654	606221.054219
63655	606376.042134
63656	606530.875907
63657	606685.788381
63658	606840.619728
63659	606995.340014
63660	607149.992023
63661	607304.560364
63662	607459.212226
63663	607613.729204
63664	607768.077381
63665	607922.442191
63666	608076.702968
63667	608230.99089
63668	608385.065118
63669	608539.301872
63670	608693.435462
63671	608847.302732
63672	609001.329143
63673	609155.321933
63674	609308.887036
63675	609462.718365
63676	609616.387071
63677	609770.10216
63678	609923.57567
63679	610077.183275
63680	610230.616304
63681	610384.033211
63682	610537.322783
63683	610690.698505
63684	610843.813523
63685	610996.804616
63686	611150.147254
63687	611303.111186
63688	611456.060588
63689	611609.067645
63690	611761.91428
63691	611914.707763
63692	612067.564391
63693	612220.161447
63694	612372.72919
63695	612525.326199
63696	612677.757147
63697	612830.168286
63698	612982.434644
63699	613134.71472
63700	613287.041539
63701	613439.357577
63702	613591.401154
63703	613743.31556
63704	613895.435486
63705	614047.418315
63706	614199.295521
63707	614351.00241
63708	614502.881316
63709	614654.588104
63710	614806.20271
63711	614957.839918
63712	615109.300893
63713	615260.838707
63714	615412.249655
63715	615563.653356
63716	615715.035884
63717	615866.259384
63718	616017.356611
63719	616168.456116
63720	616319.47042
63721	616470.514717
63722	616621.405319
63723	616772.27039
63724	616923.09985
63725	617073.823353
63726	617224.420806
63727	617375.134092
63728	617525.775358
63729	617676.269926
63730	617826.625188
63731	617977.038464
63732	618127.366156
63733	618277.658713
63734	618428.026158
63735	618578.139382
63736	618728.434675
63737	618878.522273
63738	619028.58158
63739	619178.497678
63740	619328.540559
63741	619478.184234
63742	619628.056216
63743	619777.702286
63744	619927.424566
63745	620076.9986
63746	620226.324658
63747	620375.813774
63748	620525.178652
63749	620674.457762
63750	620823.734452
63751	620972.83473
63752	621122.076892
63753	621270.939769
63754	621420.160716
63755	621569.168074
63756	621717.971278
63757	621866.999128
63758	622015.630889
63759	622164.402963
63760	622313.139121
63761	622461.865511
63762	622610.496733
63763	622759.146681
63764	622907.374983
63765	623056.039336
63766	623204.153469
63767	623352.454092
63768	623500.658642
63769	623648.778631
63770	623796.721426
63771	623944.870664
63772	624092.695279
63773	624240.609075
63774	624388.465214
63775	624536.17138
63776	624683.806987
63777	624831.401377
63778	624979.063285
63779	625126.509372
63780	625273.819502
63781	625421.373789
63782	625568.643679
63783	625716.019259
63784	625863.003024
63785	626010.190486
63786	626157.461506
63787	626304.508753
63788	626451.486064
63789	626598.55808
63790	626745.424412
63791	626892.204485
63792	627039.162188
63793	627185.818622
63794	627332.516226
63795	627479.039491
63796	627625.497095
63797	627772.013273
63798	627918.306958
63799	628064.465945
63800	628210.82647
63801	628357.014433
63802	628503.086551
63803	628649.17531
63804	628795.121541
63805	628941.048175
63806	629086.981559
63807	629232.770192
63808	629378.625455
63809	629524.268683
63810	629669.879985
63811	629815.519812
63812	629961.054834
63813	630106.632488
63814	630252.037652
63815	630397.248935
63816	630542.694287
63817	630688.029559
63818	630833.293996
63819	630978.393941
63820	631123.395049
63821	631268.566948
63822	631413.640258
63823	631558.462171
63824	631723.365142
1073741823	504249.169403
