63059	13312392.7831	1383952.07142	21750501.7039	20007814.3091	19882973.327
63060	13310247.3195	1386005.42108	21751683.414	20007608.4344	19882781.4105
63067	13295230.5301	1400386.90515	21759940.8094	20006169.0563	19881453.7
63068	13293085.4834	1402442.55039	21761118.3547	20005963.6802	19881264.6109
63069	13290940.4892	1404498.48237	21762295.3794	20005758.3664	19881073.2752
63070	13288795.5476	1406554.70104	21763471.8833	20005553.1149	19880883.0344
63071	13286650.6586	1408611.20636	21764647.8665	20005347.9258	19880694.3033
63072	13284505.8224	1410667.99828	21765823.3288	20005142.799	19880504.3601
63073	13282361.039	1412725.07676	21766998.2703	20004937.7346	19880315.4213
63074	13280216.3084	1414782.44174	21768172.6909	20004732.7325	19880125.0087
63075	13278071.6308	1416840.0932	21769346.5907	20004527.7927	19879936.6991
63076	13275927.0063	1418898.03107	21770519.9695	20004322.9153	19879748.1082
63077	13273782.4349	1420956.25531	21771692.8274	20004118.1002	19879558.7672
63078	13271637.9168	1423014.76588	21772865.1644	20003913.3475	19879368.5695
63079	13269493.4519	1425073.56274	21774036.9803	20003708.6571	19879178.6651
63080	13267349.0405	1427132.64582	21775208.2752	20003504.0291	19878989.2064
63081	13265204.6824	1429192.0151	21776379.049	20003299.4634	19878800.4878
63082	13263060.378	1431251.67051	21777549.3018	20003094.96	19878610.9019
63083	13260916.1271	1433311.61202	21778719.0334	20002890.519	19878422.8226
63084	13258771.93	1435371.83959	21779888.2439	20002686.1404	19878234.8039
63085	13256627.7867	1437432.35315	21781056.9333	20002481.8241	19878045.8962
63086	13254483.6972	1439493.15267	21782225.1014	20002277.5701	19877856.8381
63087	13252339.6617	1441554.23811	21783392.7483	20002073.3786	19877668.0544
63088	13250195.6802	1443615.60941	21784559.874	20001869.2493	19877479.7843
63089	13248051.7528	1445677.26653	21785726.4784	20001665.1825	19877290.9317
63090	13245907.8797	1447739.20942	21786892.5614	20001461.1779	19877102.0893
63091	13243764.0608	1449801.43803	21788058.1232	20001257.2358	19876914.4834
63092	13241620.2963	1451863.95233	21789223.1636	20001053.356	19876724.7501
63093	13239476.5862	1453926.75226	21790387.6826	20000849.5386	19876536.3408
63094	13237332.9306	1455989.83778	21791551.6801	20000645.7835	19876346.429
63095	13235189.3297	1458053.20884	21792715.1562	20000442.0908	19876158.6919
63096	13233045.7834	1460116.86539	21793878.1109	20000238.4604	19875970.7995
63097	13230902.2919	1462180.80739	21795040.544	20000034.8925	19875782.6654
63098	13228758.8553	1464245.0348	21796202.4556	19999831.3869	19875593.962
63099	13226615.4736	1466309.54755	21797363.8457	19999627.9436	19875406.4069
63100	13224472.1469	1468374.34562	21798524.7142	19999424.5628	19875218.1933
63101	13222328.8753	1470439.42895	21799685.061	19999221.2443	19875031.2791
63102	13220185.6588	1472504.7975	21800844.8862	19999017.9881	19874841.3267
63103	13218042.4977	1474570.45121	21802004.1898	19998814.7944	19874654.4189
63104	13215899.3918	1476636.39005	21803162.9716	19998611.663	19874467.0672
63105	13213756.3414	1478702.61397	21804321.2317	19998408.594	19874279.4418
63106	13211613.3465	1480769.12291	21805478.9701	19998205.5874	19874092.1486
63107	13209470.4072	1482835.91684	21806636.1867	19998002.6431	19873902.8947
63108	13207327.5235	1484902.99571	21807792.8815	19997799.7613	19873717.8705
63109	13205184.6956	1486970.35947	21808949.0544	19997596.9418	19873530.239
63110	13203041.9235	1489038.00807	21810104.7055	19997394.1847	19873343.2896
63111	13200899.2074	1491105.94146	21811259.8347	19997191.49	19873156.2193
63112	13198756.5472	1493174.15961	21812414.4419	19996988.8576	19872968.9533
63113	13196613.9431	1495242.66246	21813568.5273	19996786.2877	19872783.1456
63114	13194471.3951	1497311.44997	21814722.0906	19996583.7801	19872593.2619
63115	13192328.9034	1499380.52209	21815875.132	19996381.335	19872405.7974
63116	13190186.468	1501449.87877	21817027.6513	19996178.9522	19872219.8668
63117	13188044.089	1503519.51997	21818179.6485	19995976.6318	19872033.096
63118	13185901.7664	1505589.44564	21819331.1237	19995774.3738	19871846.3597
63119	13183759.5005	1507659.65574	21820482.0768	19995572.1782	19871658.0749
63120	13181617.2911	1509730.15021	21821632.5077	19995370.045	19871468.4015
63121	13179475.1385	1511800.92901	21822782.4164	19995167.9741	19871283.4675
63122	13177333.0427	1513871.99209	21823931.803	19994965.9657	19871096.0475
63123	13175191.0038	1515943.33941	21825080.6673	19994764.0197	19870910.6674
63124	13173049.0219	1518014.97092	21826229.0094	19994562.1361	19870725.5892
63125	13170907.097	1520086.88657	21827376.8292	19994360.3148	19870538.5323
63126	13168765.2292	1522159.08632	21828524.1268	19994158.556	19870354.2372
63127	13166623.4186	1524231.57011	21829670.9019	19993956.8596	19870168.829
63128	13164481.6654	1526304.33791	21830817.1547	19993755.2256	19869983.3511
63129	13162339.9695	1528377.38967	21831962.8852	19993553.6539	19869794.3388
63130	13160198.331	1530450.72533	21833108.0932	19993352.1447	19869610.087
63131	13158056.7501	1532524.34485	21834252.7788	19993150.6979	19869424.4471
63132	13155915.2268	1534598.24819	21835396.9419	19992949.3135	19869236.913
63133	13153773.7613	1536672.43529	21836540.5825	19992747.9916	19869049.1064
63134	13151632.3534	1538746.90611	21837683.7005	19992546.732	19868861.6882
63135	13149491.0035	1540821.66061	21838826.2961	19992345.5348	19868677.4598
63136	13147349.7115	1542896.69873	21839968.369	19992144.4001	19868490.9108
63137	13145208.4775	1544972.02044	21841109.9194	19991943.3277	19868304.9058
63138	13143067.3016	1547047.62567	21842250.9471	19991742.3178	19868119.0207
63139	13140926.1839	1549123.51439	21843391.4521	19991541.3703	19867934.6469
63140	13138785.1245	1551199.68654	21844531.4345	19991340.4852	19867749.1412
63141	13136644.1234	1553276.14209	21845670.8941	19991139.6626	19867563.7759
63142	13134503.1808	1555352.88098	21846809.8311	19990938.9023	19867380.8914
63143	13132362.2966	1557429.90317	21847948.2452	19990738.2045	19867193.6683
63144	13130221.4711	1559507.2086	21849086.1365	19990537.5691	19867008.9871
63145	13128080.7042	1561584.79724	21850223.505	19990336.9961	19866823.8566
63146	13125939.9961	1563662.66903	21851360.3507	19990136.4856	19866638.8007
63147	13123799.3468	1565740.82393	21852496.6735	19989936.0375	19866453.7946
63148	13121658.7564	1567819.26189	21853632.4734	19989735.6518	19866267.9742
63149	13119518.225	1569897.98286	21854767.7503	19989535.3285	19866084.2275
63150	13117377.7527	1571976.9868	21855902.5043	19989335.0677	19865899.4506
63151	13115237.3396	1574056.27366	21857036.7353	19989134.8693	19865715.1826
63152	13113096.9857	1576135.84338	21858170.4433	19988934.7333	19865527.677
63153	13110956.6911	1578215.69593	21859303.6282	19988734.6598	19865343.3343
63154	13108816.4559	1580295.83126	21860436.2901	19988534.6487	19865158.9616
63155	13106676.2802	1582376.24931	21861568.4289	19988334.7	19864975.0431
63156	13104536.1641	1584456.95005	21862700.0445	19988134.8138	19864790.5111
63157	13102396.1076	1586537.93342	21863831.137	19987934.99	19864604.8798
63158	13100256.1109	1588619.19938	21864961.7063	19987735.2286	19864420.4945
63159	13098116.1739	1590700.74788	21866091.7524	19987535.5297	19864234.6784
63160	13095976.2969	1592782.57886	21867221.2753	19987335.8933	19864051.2057
63161	13093836.4798	1594864.6923	21868350.275	19987136.3192	19863867.262
63162	13091696.7227	1596947.08813	21869478.7513	19986936.8077	19863682.176
63163	13089557.0258	1599029.7663	21870606.7043	19986737.3585	19863497.3456
63164	13087417.3891	1601112.72678	21871734.134	19986537.9718	19863315.0161
63165	13085277.8127	1603195.96952	21872861.0404	19986338.6476	19863132.7326
63166	13083138.2967	1605279.49446	21873987.4233	19986139.3858	19862946.4773
63167	13080998.8411	1607363.30156	21875113.2828	19985940.1865	19862764.5419
63168	13078859.446	1609447.39077	21876238.6189	19985741.0496	19862577.7661
63169	13076720.1116	1611531.76205	21877363.4314	19985541.9752	19862395.3821
63170	13074580.8379	1613616.41534	21878487.7205	19985342.9632	19862210.1166
63171	13072441.6249	1615701.3506	21879611.4861	19985144.0137	19862026.7024
63172	13070302.4729	1617786.56778	21880734.7281	19984945.1266	19861842.1339
63173	13068163.3817	1619872.06683	21881857.4465	19984746.302	19861657.993
63174	13066024.3516	1621957.84771	21882979.6413	19984547.5399	19861473.8685
63175	13063885.3826	1624043.91037	21884101.3125	19984348.8402	19861291.2251
63176	13061746.4747	1626130.25476	21885222.46	19984150.203	19861108.4386
63177	13059607.6282	1628216.88083	21886343.0838	19983951.6282	19860925.61
63178	13057468.8429	1630303.78853	21887463.184	19983753.116	19860742.4441
63179	13055330.1191	1632390.97782	21888582.7603	19983554.6661	19860559.7131
63180	13053191.4568	1634478.44865	21889701.8129	19983356.2788	19860378.2647
63181	13051052.8561	1636566.20097	21890820.3417	19983157.9539	19860191.7948
63182	13048914.3171	1638654.23474	21891938.3467	19982959.6915	19860010.5253
63183	13046775.8398	1640742.5499	21893055.8278	19982761.4915	19859826.9919
63184	13044637.4243	1642831.1464	21894172.7851	19982563.354	19859643.3929
63185	13042499.0708	1644920.02421	21895289.2184	19982365.279	19859460.6897
63186	13040360.7792	1647009.18327	21896405.1278	19982167.2665	19859278.5981
63187	13038222.5497	1649098.62353	21897520.5133	19981969.3165	19859093.9317
63188	13036084.3824	1651188.34495	21898635.3748	19981771.4289	19858909.3428
63189	13033946.2773	1653278.34748	21899749.7122	19981573.6038	19858728.4515
63190	13031808.2345	1655368.63106	21900863.5256	19981375.8412	19858544.6039
63191	13029670.2541	1657459.19566	21901976.815	19981178.141	19858364.6617
63192	13027532.3362	1659550.04122	21903089.5803	19980980.5034	19858181.801
63193	13025394.4809	1661641.1677	21904201.8214	19980782.9282	19858000.5581
63194	13023256.6882	1663732.57505	21905313.5384	19980585.4155	19857816.5961
63195	13021118.9582	1665824.26322	21906424.7313	19980387.9653	19857633.6077
63196	13018981.291	1667916.23215	21907535.3999	19980190.5776	19857452.2971
63197	13016843.6866	1670008.48182	21908645.5443	19979993.2524	19857269.5533
63198	13014706.1453	1672101.01215	21909755.1645	19979795.9897	19857089.4629
63199	13012568.667	1674193.82312	21910864.2604	19979598.7894	19856906.8463
63200	13010431.2518	1676286.91466	21911972.832	19979401.6517	19856723.7972
63201	13008293.8998	1678380.28674	21913080.8792	19979204.5764	19856541.7495
63202	13006156.6111	1680473.9393	21914188.4021	19979007.5636	19856359.1305
63203	13004019.3857	1682567.87229	21915295.4007	19978810.6134	19856177.8362
63204	13001882.2238	1684662.08567	21916401.8748	19978613.7256	19855996.4744
63205	12999745.1255	1686756.57939	21917507.8244	19978416.9003	19855815.8774
63206	12997608.0907	1688851.3534	21918613.2496	19978220.1376	19855635.5241
63207	12995471.1196	1690946.40765	21919718.1504	19978023.4373	19855454.8625
63208	12993334.2123	1693041.74209	21920822.5266	19977826.7995	19855273.2562
63209	12991197.3689	1695137.35668	21921926.3782	19977630.2242	19855090.3806
63210	12989060.5893	1697233.25137	21923029.7053	19977433.7115	19854909.1034
63211	12986923.8738	1699329.4261	21924132.5078	19977237.2612	19854726.0373
63212	12984787.2224	1701425.88084	21925234.7857	19977040.8735	19854546.5034
63213	12982650.6351	1703522.61553	21926336.5389	19976844.5482	19854362.9762
63214	12980514.1121	1705619.63012	21927437.7675	19976648.2855	19854181.5674
63215	12978377.6534	1707716.92456	21928538.4714	19976452.0853	19854000.8436
63216	12976241.2591	1709814.49882	21929638.6505	19976255.9476	19853819.9867
63217	12974104.9293	1711912.35283	21930738.3049	19976059.8724	19853639.4202
63218	12971968.6641	1714010.48655	21931837.4345	19975863.8597	19853457.6565
63219	12969832.4636	1716108.89993	21932936.0393	19975667.9095	19853278.3934
63220	12967696.3278	1718207.59293	21934034.1192	19975472.0219	19853097.5077
63221	12965560.2568	1720306.56549	21935131.6743	19975276.1968	19852916.4201
63222	12963424.2507	1722405.81756	21936228.7046	19975080.4341	19852735.7626
63223	12961288.3095	1724505.34911	21937325.2099	19974884.7341	19852554.8657
63224	12959152.4334	1726605.16007	21938421.1902	19974689.0965	19852375.5124
63225	12957016.6225	1728705.2504	21939516.6457	19974493.5214	19852194.6345
63226	12954880.8768	1730805.62006	21940611.5761	19974298.0089	19852014.2115
63227	12952745.1964	1732906.26899	21941705.9815	19974102.5589	19851834.5416
63228	12950609.5813	1735007.19714	21942799.8618	19973907.1715	19851654.3666
63229	12948474.0317	1737108.40447	21943893.2171	19973711.8465	19851473.64
63230	12946338.5477	1739209.89092	21944986.0473	19973516.5841	19851292.9305
63231	12944203.1292	1741311.65645	21946078.3524	19973321.3843	19851111.5967
63232	12942067.7765	1743413.70102	21947170.1324	19973126.2469	19850932.0531
63233	12939932.4896	1745516.02456	21948261.3871	19972931.1721	19850751.8774
63234	12937797.2685	1747618.62704	21949352.1167	19972736.1598	19850572.6394
63235	12935662.1133	1749721.5084	21950442.321	19972541.2101	19850391.5269
63236	12933527.0242	1751824.6686	21951532.0001	19972346.3229	19850212.6832
63237	12931392.0012	1753928.10758	21952621.1539	19972151.4982	19850031.3376
63238	12929257.0443	1756031.8253	21953709.7824	19971956.7361	19849853.5381
63239	12927122.1537	1758135.82171	21954797.8856	19971762.0365	19849672.8966
63240	12924987.3295	1760240.09676	21955885.4634	19971567.3995	19849491.6334
63241	12922852.5717	1762344.6504	21956972.5159	19971372.825	19849313.2967
63242	12920717.8804	1764449.48258	21958059.0429	19971178.313	19849132.5291
63243	12918583.2556	1766554.59325	21959145.0445	19970983.8636	19848955.0086
63244	12916448.6976	1768659.98237	21960230.5206	19970789.4768	19848774.4507
63245	12914314.2063	1770765.64989	21961315.4713	19970595.1525	19848594.8081
63246	12912179.7818	1772871.59575	21962399.8964	19970400.8907	19848414.6952
63247	12910045.4242	1774977.81991	21963483.796	19970206.6915	19848234.954
63248	12907911.1336	1777084.32231	21964567.1701	19970012.5549	19848057.6075
63249	12905776.91	1779191.10292	21965650.0185	19969818.4808	19847878.9999
63250	12903642.7536	1781298.16168	21966732.3414	19969624.4692	19847699.7778
63251	12901508.6645	1783405.49854	21967814.1386	19969430.5202	19847522.7542
63252	12899374.6426	1785513.11345	21968895.4101	19969236.6338	19847343.1126
63253	12897240.6881	1787621.00636	21969976.1559	19969042.8099	19847163.7723
63254	12895106.8011	1789729.17723	21971056.3761	19968849.0486	19846983.6426
63255	12892972.9817	1791837.62601	21972136.0704	19968655.3499	19846804.9888
63256	12890839.2298	1793946.35264	21973215.239	19968461.7137	19846626.3128
63257	12888705.5457	1796055.35708	21974293.8818	19968268.1401	19846447.1241
63258	12886571.9294	1798164.63928	21975371.9988	19968074.629	19846268.8306
63259	12884438.3809	1800274.19918	21976449.59	19967881.1805	19846090.7281
63260	12882304.9004	1802384.03675	21977526.6552	19967687.7946	19845911.2133
63261	12880171.4879	1804494.15193	21978603.1946	19967494.4712	19845732.3129
63262	12878038.1435	1806604.54467	21979679.208	19967301.2105	19845554.9618
63263	12875904.8673	1808715.21492	21980754.6955	19967108.0123	19845378.219
63264	12873771.6594	1810826.16263	21981829.657	19966914.8766	19845200.1213
63265	12871638.5198	1812937.38776	21982904.0926	19966721.8036	19845020.5425
63266	12869505.4487	1815048.89025	21983978.002	19966528.7931	19844844.6452
63267	12867372.446	1817160.67006	21985051.3855	19966335.8452	19844667.9728
63268	12865239.512	1819272.72713	21986124.2428	19966142.9598	19844486.8992
63269	12863106.6466	1821385.06142	21987196.574	19965950.1371	19844308.4821
63270	12860973.85	1823497.67288	21988268.3792	19965757.3769	19844131.4885
63271	12858841.1222	1825610.56146	21989339.6581	19965564.6793	19843953.0802
63272	12856708.4633	1827723.7271	21990410.4109	19965372.0443	19843773.4446
63273	12854575.8734	1829837.16977	21991480.6374	19965179.4719	19843597.2631
63274	12852443.3525	1831950.8894	21992550.3378	19964986.9621	19843420.0195
63275	12850310.9009	1834064.88595	21993619.5119	19964794.5149	19843241.318
63276	12848178.5184	1836179.15938	21994688.1596	19964602.1302	19843062.6422
63277	12846046.2053	1838293.70963	21995756.2811	19964409.8081	19842885.476
63278	12843913.9615	1840408.53665	21996823.8763	19964217.5487	19842710.5084
63279	12841781.7872	1842523.64039	21997890.945	19964025.3518	19842531.959
63280	12839649.6825	1844639.0208	21998957.4874	19963833.2175	19842353.3326
63281	12837517.6474	1846754.67784	22000023.5034	19963641.1458	19842177.0735
63282	12835385.682	1848870.61146	22001088.9929	19963449.1367	19842000.4524
63283	12833253.7864	1850986.82159	22002153.956	19963257.1902	19841825.0129
63284	12831121.9607	1853103.30821	22003218.3926	19963065.3063	19841648.5722
63285	12828990.2049	1855220.07124	22004282.3027	19962873.485	19841471.0753
63286	12826858.5191	1857337.11066	22005345.6862	19962681.7263	19841294.8197
63287	12824726.9035	1859454.4264	22006408.5432	19962490.0302	19841117.5418
63288	12822595.358	1861572.01841	22007470.8735	19962298.3967	19840940.8415
63289	12820463.8829	1863689.88666	22008532.6773	19962106.8259	19840762.7468
63290	12818332.478	1865808.03108	22009593.9544	19961915.3176	19840585.7091
63291	12816201.1436	1867926.45163	22010654.7049	19961723.8719	19840408.9723
63292	12814069.8797	1870045.14826	22011714.9286	19961532.4889	19840232.905
63293	12811938.6864	1872164.12091	22012774.6257	19961341.1684	19840056.3411
63294	12809807.5638	1874283.36954	22013833.796	19961149.9106	19839880.9489
63295	12807676.5119	1876402.89411	22014892.4395	19960958.7154	19839703.4182
63296	12805545.5309	1878522.69455	22015950.5562	19960767.5828	19839526.4454
63297	12803414.6207	1880642.77082	22017008.1461	19960576.5128	19839351.3859
63298	12801283.7816	1882763.12287	22018065.2092	19960385.5054	19839176.216
63299	12799153.0135	1884883.75065	22019121.7454	19960194.5607	19838998.7011
63300	12797022.3165	1887004.65411	22020177.7547	19960003.6785	19838822.2626
63301	12794891.6908	1889125.8332	22021233.2371	19959812.859	19838646.0829
63302	12792761.1364	1891247.28787	22022288.1925	19959622.1021	19838469.4857
63303	12790630.6534	1893369.01807	22023342.621	19959431.4079	19838295.1042
63304	12788500.2419	1895491.02375	22024396.5224	19959240.7762	19838120.0245
63305	12786369.9019	1897613.30486	22025449.8969	19959050.2072	19837943.6389
63306	12784239.6335	1899735.86135	22026502.7443	19958859.7008	19837768.1322
63307	12782109.4368	1901858.69317	22027555.0646	19958669.2571	19837590.3513
63308	12779979.3119	1903981.80027	22028606.8578	19958478.8759	19837415.3363
63309	12777849.2589	1906105.18261	22029658.1239	19958288.5574	19837240.6616
63310	12775719.2779	1908228.84012	22030708.8629	19958098.3016	19837063.6519
63311	12773589.3688	1910352.77276	22031759.0747	19957908.1084	19836889.5157
63312	12771459.5319	1912476.98049	22032808.7593	19957717.9778	19836713.9693
63313	12769329.7671	1914601.46324	22033857.9166	19957527.9098	19836537.4458
63314	12767200.0747	1916726.22098	22034906.5467	19957337.9045	19836361.8491
63315	12765070.4545	1918851.25364	22035954.6496	19957147.9618	19836185.5984
63316	12762940.9068	1920976.56119	22037002.2251	19956958.0818	19836011.8205
63317	12760811.4316	1923102.14357	22038049.2733	19956768.2644	19835837.8386
63318	12758682.029	1925228.00072	22039095.7942	19956578.5097	19835663.5227
63319	12756552.699	1927354.13261	22040141.7877	19956388.8176	19835489.6241
63320	12754423.4418	1929480.53917	22041187.2538	19956199.1881	19835313.9004
63321	12752294.2574	1931607.22037	22042232.1925	19956009.6213	19835139.9955
63322	12750165.1459	1933734.17614	22043276.6037	19955820.1172	19834965.9973
63323	12748036.1074	1935861.40645	22044320.4875	19955630.6757	19834790.4118
63324	12745907.142	1937988.91123	22045363.8437	19955441.2968	19834616.4553
63325	12743778.2497	1940116.69044	22046406.6724	19955251.9806	19834441.0678
63326	12741649.4306	1942244.74403	22047448.9736	19955062.727	19834266.0385
63327	12739520.6848	1944373.07194	22048490.7472	19954873.5362	19834091.3677
63328	12737392.0124	1946501.67414	22049531.9932	19954684.4079	19833914.717
63329	12735263.4135	1948630.55056	22050572.7116	19954495.3423	19833740.7892
63330	12733134.8881	1950759.70116	22051612.9023	19954306.3394	19833565.4982
63331	12731006.4363	1952889.12589	22052652.5654	19954117.3992	19833390.227
63332	12728878.0582	1955018.82469	22053691.7007	19953928.5216	19833217.417
63333	12726749.7539	1957148.79752	22054730.3084	19953739.7067	19833043.3617
63334	12724621.5235	1959279.04432	22055768.3883	19953550.9544	19832868.9875
63335	12722493.367	1961409.56505	22056805.9404	19953362.2648	19832696.0847
63336	12720365.2845	1963540.35966	22057842.9647	19953173.6379	19832520.8214
63337	12718237.2761	1965671.42809	22058879.4612	19952985.0736	19832348.179
63338	12716109.3419	1967802.77029	22059915.4298	19952796.572	19832173.1013
63339	12713981.4819	1969934.38621	22060950.8706	19952608.1331	19831999.8554
63340	12711853.6963	1972066.27581	22061985.7835	19952419.7568	19831825.8983
63341	12709725.9851	1974198.43903	22063020.1684	19952231.4433	19831653.1617
63342	12707598.3484	1976330.87583	22064054.0255	19952043.1924	19831478.3036
63343	12705470.7862	1978463.58614	22065087.3545	19951855.0042	19831307.0105
63344	12703343.2988	1980596.56993	22066120.1555	19951666.8786	19831132.5362
63345	12701215.886	1982729.82713	22067152.4285	19951478.8158	19830958.4526
63346	12699088.5481	1984863.35771	22068184.1735	19951290.8156	19830787.19
63347	12696961.285	1986997.1616	22069215.3904	19951102.8781	19830613.7406
63348	12694834.0969	1989131.23876	22070246.0792	19950915.0033	19830440.3725
63349	12692706.9839	1991265.58914	22071276.2399	19950727.1912	19830266.881
63350	12690579.946	1993400.21269	22072305.8725	19950539.4417	19830093.7581
63351	12688452.9833	1995535.10935	22073334.9768	19950351.755	19829918.9535
63352	12686326.0959	1997670.27908	22074363.553	19950164.1309	19829747.745
63353	12684199.2839	1999805.72182	22075391.601	19949976.5695	19829574.4631
63354	12682072.5473	2001941.43753	22076419.1207	19949789.0708	19829398.2557
63355	12679945.8862	2004077.42615	22077446.1121	19949601.6349	19829227.8796
63356	12677819.3008	2006213.68763	22078472.5753	19949414.2616	19829055.6598
63357	12675692.791	2008350.22192	22079498.5101	19949226.951	19828882.986
63358	12673566.357	2010487.02898	22080523.9166	19949039.7031	19828710.5903
63359	12671439.9988	2012624.10875	22081548.7948	19948852.5179	19828539.1945
63360	12669313.7166	2014761.46117	22082573.1445	19948665.3954	19828365.0426
63361	12667187.5103	2016899.08621	22083596.9658	19948478.3356	19828193.0965
63362	12665061.3802	2019036.9838	22084620.2587	19948291.3385	19828019.3866
63363	12662935.3262	2021175.1539	22085643.0231	19948104.4041	19827847.7023
63364	12660809.3484	2023313.59645	22086665.2591	19947917.5324	19827673.8777
63365	12658683.447	2025452.31141	22087686.9665	19947730.7234	19827503.1118
63366	12656557.622	2027591.29872	22088708.1454	19947543.9771	19827328.3836
63367	12654431.8734	2029730.55834	22089728.7957	19947357.2936	19827158.6005
63368	12652306.2014	2031870.09021	22090748.9174	19947170.6727	19826985.9785
63369	12650180.6061	2034009.89428	22091768.5106	19946984.1146	19826817.5713
63370	12648055.0874	2036149.9705	22092787.575	19946797.6191	19826645.5713
63371	12645929.6456	2038290.31882	22093806.1109	19946611.1864	19826474.8109
63372	12643804.2806	2040430.93918	22094824.118	19946424.8164	19826303.3874
63373	12641678.9926	2042571.83155	22095841.5964	19946238.5091	19826129.8266
63374	12639553.7816	2044712.99586	22096858.5462	19946052.2646	19825957.129
63375	12637428.6477	2046854.43206	22097874.9671	19945866.0827	19825785.1947
63376	12635303.591	2048996.14011	22098890.8593	19945679.9636	19825612.4165
63377	12633178.6116	2051138.11995	22099906.2226	19945493.9072	19825440.3509
63378	12631053.7096	2053280.37153	22100921.0571	19945307.9136	19825267.3114
63379	12628928.8849	2055422.89481	22101935.3628	19945121.9826	19825095.0618
63380	12626804.1378	2057565.68972	22102949.1396	19944936.1144	19824925.9223
63381	12624679.4682	2059708.75622	22103962.3875	19944750.3089	19824751.7995
63382	12622554.8764	2061852.09426	22104975.1065	19944564.5661	19824580.8968
63383	12620430.3622	2063995.70378	22105987.2965	19944378.8861	19824411.0937
63384	12618305.9259	2066139.58474	22106998.9575	19944193.2688	19824240.3766
63385	12616181.5675	2068283.73708	22108010.0895	19944007.7143	19824067.7631
63386	12614057.2871	2070428.16075	22109020.6926	19943822.2224	19823898.3824
63387	12611933.0848	2072572.8557	22110030.7665	19943636.7933	19823729.3479
63388	12609808.9605	2074717.82188	22111040.3114	19943451.427	19823558.8756
63389	12607684.9145	2076863.05925	22112049.3272	19943266.1234	19823386.2416
63390	12605560.9468	2079008.56773	22113057.8139	19943080.8825	19823215.7283
63391	12603437.0575	2081154.34729	22114065.7714	19942895.7044	19823044.124
63392	12601313.2467	2083300.39788	22115073.1997	19942710.589	19822875.0294
63393	12599189.5143	2085446.71944	22116080.0989	19942525.5363	19822704.3781
63394	12597065.8606	2087593.31192	22117086.4689	19942340.5465	19822532.3704
63395	12594942.2856	2089740.17527	22118092.3096	19942155.6193	19822363.5351
63396	12592818.7894	2091887.30944	22119097.621	19941970.7549	19822194.4452
63397	12590695.372	2094034.71437	22120102.4031	19941785.9533	19822024.3659
63398	12588572.0335	2096182.39002	22121106.656	19941601.2144	19821852.7431
63399	12586448.774	2098330.33634	22122110.3795	19941416.5382	19821684.967
63400	12584325.5937	2100478.55326	22123113.5736	19941231.9248	19821513.6424
63401	12582202.4925	2102627.04075	22124116.2383	19941047.3742	19821341.9074
63402	12580079.4705	2104775.79875	22125118.3737	19940862.8863	19821172.2593
63403	12577956.5279	2106924.8272	22126119.9796	19940678.4612	19821002.1634
63404	12575833.6647	2109074.12606	22127121.056	19940494.0988	19820831.4735
63405	12573710.881	2111223.69528	22128121.603	19940309.7992	19820663.3398
63406	12571588.1768	2113373.5348	22129121.6204	19940125.5624	19820492.3549
63407	12569465.5522	2115523.64457	22130121.1084	19939941.3883	19820324.4253
63408	12567343.0074	2117674.02454	22131120.0667	19939757.277	19820154.8258
63409	12565220.5424	2119824.67466	22132118.4955	19939573.2285	19819983.8104
63410	12563098.1573	2121975.59487	22133116.3947	19939389.2427	19819817.1064
63411	12560975.8521	2124126.78513	22134113.7643	19939205.3197	19819647.4107
63412	12558853.627	2126278.24538	22135110.6042	19939021.4595	19819476.1716
63413	12556731.4819	2128429.97558	22136106.9144	19938837.662	19819305.9135
63414	12554609.4171	2130581.97566	22137102.695	19938653.9274	19819139.3673
63415	12552487.4325	2132734.24558	22138097.9458	19938470.2555	19818969.2025
63416	12550365.5283	2134886.78529	22139092.6669	19938286.6463	19818799.2086
63417	12548243.7045	2137039.59473	22140086.8582	19938103.1	19818631.1363
63418	12546121.9613	2139192.67386	22141080.5197	19937919.6164	19818463.5532
63419	12544000.2986	2141346.02262	22142073.6514	19937736.1956	19818294.2083
63420	12541878.7166	2143499.64095	22143066.2533	19937552.8376	19818125.5289
63421	12539757.2153	2145653.52881	22144058.3253	19937369.5424	19817956.7939
63422	12537635.7948	2147807.68615	22145049.8674	19937186.3099	19817787.0363
63423	12535514.4553	2149962.11291	22146040.8796	19937003.1403	19817618.9849
63424	12533393.1967	2152116.80905	22147031.3618	19936820.0334	19817450.681
63425	12531272.0192	2154271.7745	22148021.3141	19936636.9893	19817280.8273
63426	12529150.9229	2156427.00922	22149010.7364	19936454.008	19817114.5715
63427	12527029.9077	2158582.51315	22149999.6287	19936271.0895	19816943.6584
63428	12524908.9738	2160738.28625	22150987.991	19936088.2338	19816774.4955
63429	12522788.1214	2162894.32847	22151975.8233	19935905.4409	19816606.7551
63430	12520667.3503	2165050.63974	22152963.1254	19935722.7108	19816437.9935
63431	12518546.6608	2167207.22002	22153949.8974	19935540.0435	19816267.5502
63432	12516426.053	2169364.06925	22154936.1394	19935357.439	19816100.3435
63433	12514305.5268	2171521.18739	22155921.8511	19935174.8973	19815928.6707
63434	12512185.0823	2173678.57438	22156907.0327	19934992.4184	19815763.1672
63435	12510064.7198	2175836.23017	22157891.6842	19934810.0023	19815595.8494
63436	12507944.4391	2177994.15471	22158875.8053	19934627.6489	19815426.81
63437	12505824.2405	2180152.34794	22159859.3963	19934445.3584	19815259.2451
63438	12503704.1239	2182310.80982	22160842.457	19934263.1308	19815093.0286
63439	12501584.0895	2184469.54028	22161824.9873	19934080.9659	19814924.7127
63440	12499464.1373	2186628.53929	22162806.9874	19933898.8638	19814755.766
63441	12497344.2675	2188787.80678	22163788.4572	19933716.8245	19814588.6642
63442	12495224.48	2190947.34271	22164769.3965	19933534.8481	19814423.3959
63443	12493104.7751	2193107.14702	22165749.8055	19933352.9344	19814255.7032
63444	12490985.1526	2195267.21966	22166729.6841	19933171.0836	19814085.729
63445	12488865.6128	2197427.56058	22167709.0323	19932989.2956	19813919.0718
63446	12486746.1558	2199588.16972	22168687.85	19932807.5704	19813752.737
63447	12484626.7815	2201749.04704	22169666.1372	19932625.9081	19813582.315
63448	12482507.4901	2203910.19248	22170643.8939	19932444.3085	19813418.5378
63449	12480388.2816	2206071.60599	22171621.1201	19932262.7718	19813249.6628
63450	12478269.1561	2208233.28751	22172597.8157	19932081.2979	19813082.0884
63451	12476150.1138	2210395.237	22173573.9808	19931899.8868	19812914.7788
63452	12474031.1546	2212557.4544	22174549.6153	19931718.5386	19812744.2822
63453	12471912.2787	2214719.93966	22175524.7192	19931537.2532	19812577.7277
63454	12469793.4862	2216882.69272	22176499.2924	19931356.0306	19812409.7755
63455	12467674.7771	2219045.71354	22177473.3349	19931174.8708	19812244.0919
63456	12465556.1514	2221209.00207	22178446.8468	19930993.7739	19812075.3009
63457	12463437.6093	2223372.55824	22179419.8279	19930812.7398	19811910.5867
63458	12461319.1509	2225536.38201	22180392.2784	19930631.7686	19811745.5905
63459	12459200.7762	2227700.47332	22181364.198	19930450.8601	19811579.0682
63460	12457082.4854	2229864.83213	22182335.5869	19930270.0146	19811411.5723
63461	12454964.2784	2232029.45838	22183306.445	19930089.2318	19811247.1787
63462	12452846.1554	2234194.35201	22184276.7722	19929908.5119	19811080.439
63463	12450728.1164	2236359.51298	22185246.5686	19929727.8549	19810912.9757
63464	12448610.1615	2238524.94124	22186215.8341	19929547.2606	19810745.7795
63465	12446492.2909	2240690.63672	22187184.5688	19929366.7293	19810578.8655
63466	12444374.5045	2242856.59938	22188152.7725	19929186.2608	19810414.856
63467	12442256.8025	2245022.82916	22189120.4452	19929005.8551	19810247.5416
63468	12440139.1849	2247189.32601	22190087.587	19928825.5123	19810079.9028
63469	12438021.6519	2249356.08989	22191054.1978	19928645.2323	19809912.961
63470	12435904.2034	2251523.12073	22192020.2776	19928465.0152	19809747.6907
63471	12433786.8396	2253690.41848	22192985.8263	19928284.8609	19809579.706
63472	12431669.5606	2255857.9831	22193950.844	19928104.7695	19809416.3335
63473	12429552.3664	2258025.81453	22194915.3306	19927924.7409	19809249.4603
63474	12427435.257	2260193.91271	22195879.2861	19927744.7752	19809083.7115
63475	12425318.2327	2262362.27759	22196842.7105	19927564.8724	19808920.5054
63476	12423201.2935	2264530.90912	22197805.6037	19927385.0324	19808751.4491
63477	12421084.4393	2266699.80725	22198767.9657	19927205.2553	19808589.9707
63478	12418967.6705	2268868.97193	22199729.7966	19927025.5411	19808426.6481
63479	12416850.9869	2271038.4031	22200691.0962	19926845.8897	19808260.8809
63480	12414734.3886	2273208.10071	22201651.8646	19926666.3012	19808095.576
63481	12412617.8759	2275378.0647	22202612.1017	19926486.7755	19807929.8796
63482	12410501.4486	2277548.29503	22203571.8075	19926307.3127	19807765.8671
63483	12408385.107	2279718.79164	22204530.982	19926127.9128	19807600.8857
63484	12406268.8511	2281889.55447	22205489.6252	19925948.5758	19807436.9975
63485	12404152.6809	2284060.58348	22206447.737	19925769.3016	19807269.4419
63486	12402036.5966	2286231.87862	22207405.3174	19925590.0903	19807106.7011
63487	12399920.5982	2288403.43982	22208362.3664	19925410.9419	19806938.3603
63488	12397804.6858	2290575.26704	22209318.884	19925231.8564	19806774.0185
63489	12395688.8595	2292747.36022	22210274.8701	19925052.8337	19806607.3564
63490	12393573.1193	2294919.71931	22211230.3248	19924873.874	19806442.401
63491	12391457.4654	2297092.34426	22212185.248	19924694.9771	19806277.0425
63492	12389341.8978	2299265.23501	22213139.6396	19924516.1431	19806111.4439
63493	12387226.4166	2301438.39151	22214093.4997	19924337.372	19805945.2921
63494	12385111.0218	2303611.81371	22215046.8283	19924158.6637	19805781.2745
63495	12382995.7136	2305785.50156	22215999.6252	19923980.0184	19805619.4885
63496	12380880.4921	2307959.455	22216951.8905	19923801.4359	19805456.1457
63497	12378765.3572	2310133.67398	22217903.6242	19923622.9163	19805292.8123
63498	12376650.3091	2312308.15844	22218854.8263	19923444.4597	19805128.305
63499	12374535.3479	2314482.90833	22219805.4967	19923266.0659	19804966.6238
63500	12372420.4736	2316657.92361	22220755.6353	19923087.735	19804800.6504
63501	12370305.6863	2318833.20421	22221705.2423	19922909.467	19804635.5456
63502	12368190.9862	2321008.75009	22222654.3174	19922731.2619	19804471.8108
63503	12366076.3732	2323184.56118	22223602.8609	19922553.1197	19804308.5015
63504	12363961.8474	2325360.63744	22224550.8725	19922375.0405	19804144.0427
63505	12361847.409	2327536.97882	22225498.3523	19922197.0241	19803979.2887
63506	12359733.058	2329713.58525	22226445.3003	19922019.0706	19803816.6447
63507	12357618.7945	2331890.45669	22227391.7164	19921841.18	19803653.6748
63508	12355504.6185	2334067.59309	22228337.6006	19921663.3523	19803488.503
63509	12353390.5302	2336244.99439	22229282.9529	19921485.5876	19803322.4502
63510	12351276.5296	2338422.66053	22230227.7733	19921307.8857	19803159.5217
63511	12349162.6168	2340600.59147	22231172.0617	19921130.2468	19802994.3728
63512	12347048.7919	2342778.78714	22232115.8182	19920952.6708	19802830.7992
63513	12344935.0549	2344957.24751	22233059.0426	19920775.1576	19802668.5645
63514	12342821.4059	2347135.97251	22234001.7351	19920597.7074	19802504.2893
63515	12340707.8451	2349314.96209	22234943.8955	19920420.3202	19802343.0326
63516	12338594.3725	2351494.21619	22235885.5238	19920242.9958	19802180.5445
63517	12336480.9881	2353673.73477	22236826.6201	19920065.7344	19802016.1294
63518	12334367.692	2355853.51777	22237767.1842	19919888.5358	19801854.5899
63519	12332254.4844	2358033.56514	22238707.2162	19919711.4002	19801691.5463
63520	12330141.3653	2360213.87682	22239646.716	19919534.3276	19801530.1746
63521	12328028.3347	2362394.45276	22240585.6837	19919357.3178	19801365.4106
63522	12325915.3928	2364575.2929	22241524.1192	19919180.371	19801201.8982
63523	12323802.5397	2366756.3972	22242462.0224	19919003.4871	19801040.4626
63524	12321689.7753	2368937.7656	22243399.3934	19918826.6661	19800874.1515
63525	12319577.0998	2371119.39804	22244336.2321	19918649.9081	19800710.8429
63526	12317464.5133	2373301.29448	22245272.5386	19918473.213	19800551.6474
63527	12315352.0159	2375483.45485	22246208.3127	19918296.5808	19800387.1569
63528	12313239.6075	2377665.87911	22247143.5545	19918120.0116	19800224.3399
63529	12311127.2884	2379848.5672	22248078.2639	19917943.5053	19800061.5776
63530	12309015.0585	2382031.51906	22249012.441	19917767.062	19799897.2964
63531	12306902.918	2384214.73465	22249946.0856	19917590.6816	19799734.4989
63532	12304790.8669	2386398.21392	22250879.1978	19917414.3641	19799573.7318
63533	12302678.9053	2388581.95679	22251811.7776	19917238.1096	19799411.1399
63534	12300567.0333	2390765.96324	22252743.8249	19917061.918	19799250.7578
63535	12298455.251	2392950.23319	22253675.3397	19916885.7894	19799087.7127
63536	12296343.5584	2395134.76659	22254606.322	19916709.7237	19798927.1191
63537	12294231.9557	2397319.5634	22255536.7718	19916533.7209	19798765.4867
63539	12290009.0199	2401689.947	22257396.0736	19916181.9043	19798441.6009
63540	12287897.6871	2403875.53369	22258324.9257	19916006.0904	19798282.3308
63541	12285786.4444	2406061.38357	22259253.245	19915830.3395	19798118.0266
63542	12283675.2919	2408247.49658	22260181.0318	19915654.6515	19797957.9243
63543	12281564.2297	2410433.87267	22261108.2859	19915479.0265	19797793.3212
63544	12279453.2578	2412620.51178	22262035.0073	19915303.4645	19797631.4644
63545	12277342.3764	2414807.41387	22262961.1959	19915127.9654	19797471.3007
63546	12275231.5855	2416994.57887	22263886.8519	19914952.5292	19797311.6234
63547	12273120.8853	2419182.00673	22264811.975	19914777.1561	19797148.2386
63548	12271010.2756	2421369.69741	22265736.5654	19914601.8459	19796987.8041
63549	12268899.7568	2423557.65084	22266660.623	19914426.5986	19796825.0272
63550	12266789.3287	2425745.86697	22267584.1478	19914251.4144	19796664.3623
63551	12264678.9916	2427934.34575	22268507.1397	19914076.2931	19796504.2399
63552	12262568.7455	2430123.08713	22269429.5987	19913901.2347	19796343.6479
63553	12260458.5904	2432312.09104	22270351.5249	19913726.2394	19796181.3207
63554	12258348.5264	2434501.35744	22271272.9181	19913551.307	19796023.6339
63555	12256238.5537	2436690.88627	22272193.7784	19913376.4376	19795861.1138
63556	12254128.6723	2438880.67748	22273114.1058	19913201.6312	19795699.6313
63557	12252018.8822	2441070.73101	22274033.9001	19913026.8877	19795538.5363
63558	12249909.1836	2443261.04681	22274953.1615	19912852.2073	19795378.0718
63559	12247799.5765	2445451.62482	22275871.8898	19912677.5898	19795216.6517
63560	12245690.061	2447642.465	22276790.0851	19912503.0353	19795055.6505
63561	12243580.6372	2449833.56728	22277707.7474	19912328.5438	19794896.683
63562	12241471.3052	2452024.93162	22278624.8765	19912154.1152	19794735.3036
63563	12239362.065	2454216.55796	22279541.4725	19911979.7497	19794573.5134
63564	12237252.9167	2456408.44624	22280457.5354	19911805.4471	19794415.4168
63565	12235143.8604	2458600.59641	22281373.0651	19911631.2076	19794256.6409
63566	12233034.8962	2460793.00841	22282288.0617	19911457.031	19794095.4166
63567	12230926.0241	2462985.6822	22283202.525	19911282.9174	19793934.5542
63568	12228817.2442	2465178.61772	22284116.4552	19911108.8668	19793775.7235
63569	12226708.5567	2467371.81491	22285029.8521	19910934.8792	19793615.4463
63570	12224599.9615	2469565.27372	22285942.7157	19910760.9546	19793454.9568
63571	12222491.4588	2471758.99409	22286855.046	19910587.093	19793294.8367
63572	12220383.0486	2473952.97597	22287766.843	19910413.2944	19793135.0164
63573	12218274.731	2476147.21931	22288678.1067	19910239.5589	19792976.4108
63574	12216166.5061	2478341.72405	22289588.8371	19910065.8863	19792813.7279
63575	12214058.374	2480536.49014	22290499.034	19909892.2767	19792656.7337
63576	12211950.3347	2482731.51753	22291408.6976	19909718.7301	19792495.1662
63577	12209842.3884	2484926.80615	22292317.8278	19909545.2466	19792336.4407
63578	12207734.535	2487122.35595	22293226.4245	19909371.826	19792174.5985
63579	12205626.7747	2489318.16689	22294134.4877	19909198.4685	19792014.857
63580	12203519.1076	2491514.2389	22295042.0175	19909025.1739	19791853.9973
63581	12201411.5336	2493710.57193	22295949.0137	19908851.9424	19791693.5928
63582	12199304.053	2495907.16593	22296855.4765	19908678.7739	19791533.4715
63583	12197196.6658	2498104.02084	22297761.4057	19908505.6684	19791376.6286
63584	12195089.372	2500301.1366	22298666.8013	19908332.626	19791218.8754
63585	12192982.1718	2502498.51317	22299571.6633	19908159.6465	19791058.5698
63586	12190875.0652	2504696.15049	22300475.9917	19907986.7301	19790901.6548
63587	12188768.0523	2506894.0485	22301379.7865	19907813.8767	19790741.111
63588	12186661.1332	2509092.20716	22302283.0476	19907641.0863	19790585.1307
63589	12184554.3079	2511290.62639	22303185.775	19907468.359	19790426.2051
63590	12182447.5765	2513489.30616	22304087.9687	19907295.6946	19790266.7045
63591	12180340.9391	2515688.2464	22304989.6287	19907123.0934	19790107.2678
63592	12178234.3958	2517887.44706	22305890.755	19906950.5551	19789947.1378
63593	12176127.9467	2520086.90809	22306791.3475	19906778.0799	19789788.3033
63594	12174021.5918	2522286.62943	22307691.4062	19906605.6677	19789630.4499
63595	12171915.3312	2524486.61103	22308590.9311	19906433.3185	19789472.3309
63596	12169809.1649	2526686.85283	22309489.9222	19906261.0324	19789312.5554
63597	12167703.0932	2528887.35478	22310388.3794	19906088.8093	19789151.6851
63598	12165597.116	2531088.11682	22311286.3027	19905916.6493	19788994.0576
63599	12163491.2334	2533289.1389	22312183.6922	19905744.5523	19788835.2141
63600	12161385.4455	2535490.42096	22313080.5477	19905572.5183	19788678.7275
63601	12159279.7524	2537691.96295	22313976.8693	19905400.5474	19788520.2072
63602	12157174.1541	2539893.76481	22314872.6569	19905228.6395	19788363.4247
63603	12155068.6508	2542095.82649	22315767.9106	19905056.7947	19788204.4183
63604	12152963.2424	2544298.14794	22316662.6303	19904885.0129	19788046.3833
63605	12150857.9292	2546500.72909	22317556.8159	19904713.2942	19787889.1789
63606	12148752.7111	2548703.5699	22318450.4675	19904541.6385	19787728.5875
63607	12146647.5882	2550906.67031	22319343.585	19904370.0459	19787573.4415
63608	12144542.5606	2553110.03026	22320236.1684	19904198.5163	19787415.7908
63609	12142437.6285	2555313.64971	22321128.2177	19904027.0498	19787258.5873
63610	12140332.7918	2557517.52858	22322019.7329	19903855.6464	19787099.3902
63611	12138228.0506	2559721.66684	22322910.7139	19903684.306	19786940.5027
63612	12136123.4051	2561926.06442	22323801.1608	19903513.0287	19786783.7905
63613	12134018.8552	2564130.72127	22324691.0735	19903341.8144	19786626.9565
63614	12131914.4011	2566335.63734	22325580.4519	19903170.6632	19786468.3165
63615	12129810.0429	2568540.81257	22326469.2961	19902999.5751	19786311.1879
63616	12127705.7806	2570746.2469	22327357.6061	19902828.55	19786153.7792
63617	12125601.6143	2572951.94028	22328245.3818	19902657.588	19785996.7158
63618	12123497.5441	2575157.89265	22329132.6231	19902486.6891	19785838.2099
63619	12121393.5701	2577364.10397	22330019.3302	19902315.8532	19785684.756
63620	12119289.6923	2579570.57417	22330905.5029	19902145.0804	19785524.4793
63621	12117185.9108	2581777.3032	22331791.1412	19901974.3707	19785371.3021
63622	12115082.2256	2583984.291	22332676.2452	19901803.7241	19785212.5243
63623	12112978.637	2586191.53753	22333560.8147	19901633.1405	19785056.5204
63624	12110875.1449	2588399.04271	22334444.8498	19901462.62	19784898.3981
63625	12108771.7494	2590606.80651	22335328.3505	19901292.1626	19784742.8242
63626	12106668.4506	2592814.82886	22336211.3167	19901121.7683	19784586.5245
63627	12104565.2486	2595023.10971	22337093.7484	19900951.4371	19784430.4186
63628	12102462.1434	2597231.649	22337975.6456	19900781.1689	19784273.6421
63629	12100359.1352	2599440.44668	22338857.0082	19900610.9639	19784117.4527
63630	12098256.2239	2601649.50269	22339737.8363	19900440.8219	19783961.3071
63631	12096153.4098	2603858.81698	22340618.1299	19900270.743	19783804.0965
63632	12094050.6928	2606068.38949	22341497.8888	19900100.7272	19783647.3798
63633	12091948.073	2608278.22017	22342377.1131	19899930.7745	19783493.134
63634	12089845.5505	2610488.30896	22343255.8027	19899760.8849	19783335.3549
63635	12087743.1255	2612698.65581	22344133.9577	19899591.0584	19783178.8729
63636	12085640.7978	2614909.26066	22345011.5781	19899421.295	19783022.3193
63637	12083538.5678	2617120.12345	22345888.6637	19899251.5947	19782867.2548
63638	12081436.4353	2619331.24413	22346765.2146	19899081.9575	19782711.1777
63639	12079334.4006	2621542.62265	22347641.2307	19898912.3834	19782554.451
63640	12077232.4636	2623754.25895	22348516.7121	19898742.8724	19782398.7169
63641	12075130.6244	2625966.15297	22349391.6587	19898573.4245	19782244.006
63642	12073028.8832	2628178.30467	22350266.0705	19898404.0397	19782089.312
63643	12070927.24	2630390.71397	22351139.9474	19898234.718	19781935.2004
63644	12068825.6949	2632603.38083	22352013.2895	19898065.4594	19781778.3707
63645	12066724.2479	2634816.3052	22352886.0968	19897896.264	19781624.3234
63646	12064622.8991	2637029.48701	22353758.3691	19897727.1316	19781466.9734
63647	12062521.6487	2639242.92621	22354630.1065	19897558.0624	19781310.0681
63648	12060420.4966	2641456.62275	22355501.309	19897389.0563	19781156.0406
63649	12058319.443	2643670.57657	22356371.9765	19897220.1133	19781000.4222
63650	12056218.488	2645884.78761	22357242.1091	19897051.2334	19780844.7625
63651	12054117.6315	2648099.25582	22358111.7067	19896882.4166	19780689.2958
63652	12052016.8737	2650313.98115	22358980.7692	19896713.663	19780534.0171
63653	12049916.2147	2652528.96353	22359849.2967	19896544.9725	19780378.8861
63654	12047815.6546	2654744.20291	22360717.2892	19896376.3451	19780224.9521
63655	12045715.1934	2656959.69925	22361584.7465	19896207.7808	19780070.8036
63656	12043614.8311	2659175.45247	22362451.6688	19896039.2797	19779915.1237
63657	12041514.568	2661391.46253	22363318.056	19895870.8417	19779761.4233
63658	12039414.4039	2663607.72936	22364183.908	19895702.4668	19779606.1621
63659	12037314.3392	2665824.25292	22365049.2248	19895534.1551	19779450.5264
63660	12035214.3737	2668041.03315	22365914.0065	19895365.9065	19779296.3257
63661	12033114.5076	2670258.06999	22366778.2529	19895197.721	19779140.2622
63662	12031014.7409	2672475.36339	22367641.9641	19895029.5987	19778987.8032
63663	12028915.0738	2674692.91329	22368505.1401	19894861.5395	19778831.2948
63664	12026815.5063	2676910.71963	22369367.7808	19894693.5434	19778677.3559
63665	12024716.0385	2679128.78237	22370229.8863	19894525.6105	19778524.7026
63666	12022616.6704	2681347.10143	22371091.4564	19894357.7407	19778368.1358
63667	12020517.4022	2683565.67678	22371952.4912	19894189.9341	19778216.8989
63668	12018418.2338	2685784.50834	22372812.9906	19894022.1906	19778063.3469
63669	12016319.1655	2688003.59607	22373672.9547	19893854.5103	19777909.1096
63670	12014220.1973	2690222.93991	22374532.3834	19893686.8931	19777754.6563
63671	12012121.3291	2692442.53981	22375391.2766	19893519.3391	19777599.2869
63672	12010022.5612	2694662.3957	22376249.6345	19893351.8483	19777445.2976
63673	12007923.8936	2696882.50754	22377107.4569	19893184.4205	19777290.0048
63674	12005825.3264	2699102.87526	22377964.7438	19893017.056	19777136.4472
63675	12003726.8596	2701323.49881	22378821.4952	19892849.7546	19776981.5264
63676	12001628.4934	2703544.37814	22379677.7111	19892682.5163	19776829.8239
63677	11999530.2277	2705765.51318	22380533.3915	19892515.3413	19776674.3532
63678	11997432.0628	2707986.90389	22381388.5363	19892348.2293	19776520.7002
63679	11995333.9985	2710208.5502	22382243.1455	19892181.1806	19776367.2291
63680	11993236.0351	2712430.45206	22383097.2192	19892014.195	19776214.7868
63681	11991138.1727	2714652.60942	22383950.7572	19891847.2726	19776062.7732
63682	11989040.4112	2716875.02221	22384803.7596	19891680.4133	19775909.7234
63683	11986942.7507	2719097.69039	22385656.2263	19891513.6172	19775758.9072
63684	11984845.1914	2721320.6139	22386508.1574	19891346.8843	19775602.6761
63685	11982747.7333	2723543.79267	22387359.5527	19891180.2146	19775447.8888
63686	11980650.3765	2725767.22665	22388210.4124	19891013.608	19775298.4272
63687	11978553.121	2727990.9158	22389060.7362	19890847.0647	19775142.4812
63688	11976455.967	2730214.86004	22389910.5244	19890680.5844	19774988.5685
63689	11974358.9146	2732439.05933	22390759.7767	19890514.1674	19774836.6714
63690	11972261.9637	2734663.51361	22391608.4933	19890347.8136	19774682.7901
63691	11970165.1144	2736888.22283	22392456.674	19890181.5229	19774531.0376
63692	11968068.3669	2739113.18691	22393304.3189	19890015.2954	19774378.9938
63693	11965971.7213	2741338.40582	22394151.428	19889849.1311	19774225.8664
63694	11963875.1775	2743563.8795	22394998.0011	19889683.03	19774072.8675
63695	11961778.7357	2745789.60788	22395844.0384	19889516.9921	19773921.162
63696	11959682.396	2748015.59091	22396689.5397	19889351.0174	19773767.9667
63697	11957586.1584	2750241.82853	22397534.5051	19889185.1059	19773616.6662
63698	11955490.0229	2752468.3207	22398378.9345	19889019.2575	19773464.5086
63699	11953393.9898	2754695.06735	22399222.828	19888853.4724	19773312.5404
63700	11951298.059	2756922.06842	22400066.1854	19888687.7504	19773159.3099
63701	11949202.2307	2759149.32386	22400909.0068	19888522.0917	19773007.2765
63702	11947106.5048	2761376.83362	22401751.2922	19888356.4962	19772856.0458
63703	11945010.8815	2763604.59763	22402593.0415	19888190.9638	19772703.4626
63704	11942915.3609	2765832.61585	22403434.2547	19888025.4947	19772551.7515
63705	11940819.9431	2768060.88821	22404274.9318	19887860.0887	19772399.9468
63706	11938724.628	2770289.41465	22405115.0728	19887694.746	19772249.5797
63707	11936629.4158	2772518.19513	22405954.6777	19887529.4665	19772096.5097
63708	11934534.3066	2774747.22958	22406793.7464	19887364.2502	19771944.6447
63709	11932439.3004	2776976.51795	22407632.2789	19887199.0971	19771791.9175
63710	11930344.3973	2779206.06018	22408470.2752	19887034.0072	19771640.2319
63711	11928249.5975	2781435.85621	22409307.7352	19886868.9805	19771486.3367
63712	11926154.9009	2783665.906	22410144.659	19886704.0171	19771335.6949
63713	11924060.3076	2785896.20947	22410981.0466	19886539.1168	19771183.3695
63714	11921965.8177	2788126.76659	22411816.8979	19886374.2798	19771033.1153
63715	11919871.4314	2790357.57728	22412652.2129	19886209.506	19770880.7648
63716	11917777.1486	2792588.64149	22413486.9915	19886044.7954	19770731.0043
63717	11915682.9695	2794819.95917	22414321.2338	19885880.1481	19770580.286
63718	11913588.894	2797051.53025	22415154.9397	19885715.564	19770429.7449
63719	11911494.9224	2799283.35469	22415988.1093	19885551.0431	19770277.6197
63720	11909401.0547	2801515.43243	22416820.7424	19885386.5854	19770129.4958
63721	11907307.2909	2803747.7634	22417652.8391	19885222.1909	19769976.3709
63722	11905213.6311	2805980.34755	22418484.3994	19885057.8597	19769825.9538
63723	11903120.0754	2808213.18483	22419315.4232	19884893.5918	19769674.4839
63724	11901026.6239	2810446.27518	22420145.9105	19884729.387	19769523.9288
63725	11898933.2767	2812679.61854	22420975.8614	19884565.2455	19769373.0062
63726	11896840.0338	2814913.21486	22421805.2757	19884401.1673	19769224.4866
63727	11894746.8953	2817147.06407	22422634.1534	19884237.1522	19769072.366
63728	11892653.8612	2819381.16613	22423462.4946	19884073.2005	19768921.7978
63729	11890560.9318	2821615.52097	22424290.2992	19883909.3119	19768771.2723
63730	11888468.1069	2823850.12854	22425117.5672	19883745.4866	19768623.1444
63731	11886375.3868	2826084.98878	22425944.2986	19883581.7246	19768471.0811
63732	11884282.7714	2828320.10163	22426770.4933	19883418.0258	19768321.3941
63733	11882190.261	2830555.46704	22427596.1513	19883254.3902	19768170.6422
63734	11880097.8554	2832791.08495	22428421.2727	19883090.8179	19768020.7771
63735	11878005.5548	2835026.95531	22429245.8574	19882927.3089	19767868.5449
63736	11875913.3594	2837263.07805	22430069.9053	19882763.8631	19767718.597
63737	11873821.2691	2839499.45312	22430893.4166	19882600.4806	19767569.5752
63738	11871729.284	2841736.08046	22431716.391	19882437.1613	19767418.4422
63739	11869637.4043	2843972.96002	22432538.8287	19882273.9053	19767266.7224
63740	11867545.6299	2846210.09174	22433360.7295	19882110.7125	19767114.7986
63741	11865453.961	2848447.47556	22434182.0936	19881947.583	19766964.3617
63742	11863362.3977	2850685.11142	22435002.9208	19881784.5168	19766815.6174
63743	11861270.9399	2852922.99927	22435823.2111	19881621.5138	19766665.8099
63744	11859179.5879	2855161.13905	22436642.9646	19881458.5741	19766518.344
63745	11857088.3416	2857399.53071	22437462.1811	19881295.6977	19766369.141
63746	11854997.2012	2859638.17418	22438280.8608	19881132.8845	19766218.1973
63747	11852906.1667	2861877.06941	22439099.0035	19880970.1346	19766070.45
63748	11850815.2381	2864116.21634	22439916.6092	19880807.448	19765922.4314
63749	11848724.4157	2866355.61492	22440733.6779	19880644.8247	19765773.0691
63750	11846633.6994	2868595.26509	22441550.2097	19880482.2646	19765624.873
63751	11844543.0893	2870835.16678	22442366.2044	19880319.7678	19765474.9012
63752	11842452.5855	2873075.31995	22443181.6621	19880157.3343	19765327.0641
63753	11840362.1881	2875315.72454	22443996.5828	19879994.9641	19765176.4194
63754	11838271.8971	2877556.38049	22444810.9664	19879832.6572	19765027.7602
63755	11836181.7126	2879797.28773	22445624.8128	19879670.4135	19764877.7909
63756	11834091.6348	2882038.44622	22446438.1222	19879508.2331	19764729.7004
63757	11832001.6636	2884279.8559	22447250.8944	19879346.1161	19764580.0783
63758	11829911.7992	2886521.51671	22448063.1295	19879184.0623	19764429.9765
63759	11827822.0416	2888763.4286	22448874.8274	19879022.0718	19764281.4455
63760	11825732.3909	2891005.59149	22449685.9881	19878860.1446	19764133.6579
63761	11823642.8471	2893248.00535	22450496.6115	19878698.2807	19763982.4922
63762	11821553.4105	2895490.67011	22451306.6978	19878536.48	19763833.7814
63763	11819464.0809	2897733.58571	22452116.2468	19878374.7427	19763685.6928
63764	11817374.8586	2899976.75209	22452925.2585	19878213.0687	19763536.6226
63765	11815285.7435	2902220.16921	22453733.733	19878051.458	19763386.9599
63766	11813196.7358	2904463.83699	22454541.6701	19877889.9106	19763238.9822
63767	11811107.8355	2906707.75539	22455349.0699	19877728.4265	19763092.3127
63768	11809019.0427	2908951.92435	22456155.9323	19877567.0057	19762942.993
63769	11806930.3575	2911196.34381	22456962.2574	19877405.6482	19762796.5582
63770	11804841.78	2913441.0137	22457768.0451	19877244.354	19762649.1438
63771	11802753.3101	2915685.93398	22458573.2954	19877083.1231	19762501.9298
63772	11800664.9481	2917931.10459	22459378.0082	19876921.9556	19762352.5928
63773	11798576.694	2920176.52547	22460182.1836	19876760.8513	19762205.7406
63774	11796488.5478	2922422.19656	22460985.8216	19876599.8104	19762056.2831
63775	11794400.5097	2924668.1178	22461788.922	19876438.8328	19761909.4549
63776	11792312.5796	2926914.28914	22462591.485	19876277.9185	19761761.3136
63777	11790224.7578	2929160.71052	22463393.5104	19876117.0675	19761614.9319
63778	11788137.0442	2931407.38188	22464194.9983	19875956.2798	19761466.046
63779	11786049.4389	2933654.30316	22464995.9486	19875795.5555	19761319.8604
63780	11783961.942	2935901.47431	22465796.3614	19875634.8945	19761171.5047
63781	11781874.5537	2938148.89527	22466596.2365	19875474.2968	19761024.3577
63782	11779787.2738	2940396.56597	22467395.5741	19875313.7625	19760878.1518
63783	11777700.1026	2942644.48638	22468194.374	19875153.2915	19760730.1081
63784	11775613.0402	2944892.65641	22468992.6362	19874992.8838	19760585.0012
63785	11773526.0865	2947141.07603	22469790.3608	19874832.5394	19760437.2654
63786	11771439.2416	2949389.74516	22470587.5476	19874672.2584	19760289.4621
63787	11769352.5057	2951638.66376	22471384.1968	19874512.0407	19760142.2666
63788	11767265.8788	2953887.83176	22472180.3082	19874351.8864	19759995.042
63789	11765179.361	2956137.24911	22472975.8818	19874191.7954	19759847.014
63790	11763092.9524	2958386.91574	22473770.9177	19874031.7677	19759699.8361
63791	11761006.653	2960636.83161	22474565.4158	19873871.8034	19759553.6141
63792	11758920.4629	2962886.99665	22475359.3761	19873711.9024	19759404.013
63793	11756834.3822	2965137.41081	22476152.7986	19873552.0648	19759258.0154
63794	11754748.4109	2967388.07403	22476945.6832	19873392.2906	19759110.7694
63795	11752662.5492	2969638.98624	22477738.0299	19873232.5796	19758965.6759
63796	11750576.7971	2971890.1474	22478529.8388	19873072.9321	19758820.1585
63797	11748491.1546	2974141.55744	22479321.1097	19872913.3478	19758673.0671
63798	11746405.622	2976393.21631	22480111.8428	19872753.827	19758528.0956
63799	11744320.1991	2978645.12394	22480902.0378	19872594.3695	19758382.0562
63800	11742234.8862	2980897.28029	22481691.695	19872434.9753	19758235.2509
63801	11740149.6833	2983149.68529	22482480.8141	19872275.6445	19758090.3907
63802	11738064.5904	2985402.33888	22483269.3952	19872116.3771	19757945.5176
63803	11735979.6077	2987655.24101	22484057.4384	19871957.173	19757797.2955
63804	11733894.7352	2989908.39162	22484844.9435	19871798.0323	19757652.4328
63805	11731809.9729	2992161.79065	22485631.9105	19871638.955	19757505.3746
63806	11729725.3211	2994415.43804	22486418.3394	19871479.9411	19757362.0601
63807	11727640.7796	2996669.33373	22487204.2303	19871320.9905	19757215.003
63808	11725556.3487	2998923.47768	22487989.583	19871162.1032	19757068.3468
63809	11723472.0283	3001177.86981	22488774.3976	19871003.2794	19756923.3438
63810	11721387.8187	3003432.51007	22489558.6741	19870844.5189	19756775.9051
63811	11719303.7197	3005687.3984	22490342.4124	19870685.8218	19756631.3778
63812	11717219.7316	3007942.53475	22491125.6125	19870527.1881	19756484.5931
63813	11715135.8543	3010197.91905	22491908.2744	19870368.6178	19756339.9658
63814	11713052.088	3012453.55125	22492690.3981	19870210.1108	19756196.8101
63815	11710968.4328	3014709.43129	22493471.9835	19870051.6672	19756052.6595
63816	11708884.8886	3016965.55911	22494253.0306	19869893.287	19755905.5335
63817	11706801.4557	3019221.93465	22495033.5395	19869734.9702	19755761.015
63818	11704718.134	3021478.55786	22495813.5101	19869576.7168	19755614.8415
63819	11702634.9236	3023735.42868	22496592.9423	19869418.5268	19755470.0513
63820	11700551.8246	3025992.54704	22497371.8363	19869260.4002	19755327.3218
63821	11698468.8372	3028249.9129	22498150.1918	19869102.3369	19755178.3323
63822	11696385.9613	3030507.52618	22498928.009	19868944.3371	19755033.9236
63823	11694303.197	3032765.38684	22499705.2878	19868786.4006	19754888.2173
63824	11692220.5444	3035023.49482	22500482.0282	19868628.5276	19754710.9998
1073741823	11690138.0036	3037281.85005	22501258.2301	19868470.7179	19865786.2314
