501	424904005187158
502	425752114387892
503	426600223579574
504	427448332760583
505	428296441928914
506	429144551086282
507	429992660235200
508	430840769375647
509	431688878505527
510	432536987627650
511	433385096738630
512	434233205839059
513	435081314932203
514	435929424015132
515	436777533087538
516	437625642150362
517	438473751203293
518	439321860246572
519	440169969277759
520	441018078300067
521	441866187313508
522	442714296317224
523	443562405309732
524	444410514292555
525	445258623266025
526	446106732230317
527	446954841184198
528	447802950128964
529	448651059064722
530	449499167990199
531	450347276909389
532	451195385818311
533	452043494716667
534	452891603604273
535	453739712481672
536	454587821349899
537	455435930207899
538	456284039055828
539	457132147894676
540	457980256725893
541	458828365546485
542	459676474357756
543	460524583156653
544	461372691947143
545	462220800730454
546	463068909503088
547	463917018263389
548	464765127011414
549	465613235751414
550	466461344485940
551	467309453202592
552	468157561911409
553	469005670609290
554	469853779296480
555	470701887975354
556	471549996645212
557	0
558	848108638105
559	1696217265308
560	2544325883001
561	3392434489206
562	4240543087683
563	5088651678214
564	5936760260749
565	6784868833789
566	7632977395334
567	8481085945723
568	9329194487436
569	10177303020306
570	11025411543705
571	11873520057790
572	12721628560772
573	13569737054390
574	14417845539304
575	15265954013246
576	16114062479288
577	16962170937637
578	17810279385132
579	18658387824423
580	19506496255954
581	20354604676482
582	21202713085642
583	22050821483807
584	22898929871979
585	23747038251213
586	24595146621153
587	25443254983519
588	26291363336735
589	27139471678986
590	27987580012034
591	28835688336012
592	29683796650507
593	30531904956549
594	31380013251474
595	32228121537687
596	33076229813591
597	33924338081215
598	34772446339869
599	35620554589091
600	36468662827305
601	37316771057677
602	38164879276738
603	39012987486966
604	39861095686220
605	40709203875945
606	41557312056556
607	42405420227447
608	43253528390753
609	44101636546903
610	44949744691688
611	45797852827422
612	46645960956525
613	47494069076918
614	48342177186142
615	49190285284347
616	50038393371390
617	50886501450818
618	51734609518824
619	52582717578586
620	53430825629861
621	54278933669764
622	55127041701411
623	55975149723762
624	56823257738863
625	57671365744790
626	58519473740727
627	59367581727037
628	60215689702836
629	61063797668227
630	61911905626810
631	62760013575856
632	63608121515606
633	64456229445574
634	65304337363344
635	66152445274053
636	67000553178727
637	67848661072745
638	68696768957473
639	69544876830983
640	70392984694257
641	71241092548413
642	72089200392772
643	72937308228016
644	73785416053382
645	74633523871073
646	75481631679262
647	76329739477617
648	77177847265932
649	78025955046856
650	78874062817373
651	79722170578027
652	80570278330354
653	81418386074099
654	82266493806606
655	83114601527813
656	83962709240360
657	84810816946148
658	85658924643239
659	86507032333404
660	87355140014020
661	88203247684679
662	89051355346448
663	89899462997766
664	90747570638790
665	91595678270500
666	92443785893782
667	93291893508211
668	94140001113700
669	94988108710315
670	95836216296263
671	96684323873437
672	97532431439651
673	98380538996667
674	99228646545678
675	100076754087774
676	100924861621021
677	101772969142236
678	102621076653237
679	103469184154770
680	104317291647073
681	105165399131632
682	106013506608406
683	106861614075156
684	107709721532381
685	108557828980014
686	109405936419366
687	110254043849007
1	1116691497000
0	0
1	848106939486
2	1696213873017
3	2544320795475
4	3392427709377
5	4240534613740
6	5088641510203
7	5936748397572
8	6784855276024
9	7632962145003
10	8481069004037
11	9329175852834
12	10177282693807
13	11025389525011
14	11873496350652
15	12721603167059
16	13569709975239
17	14417816771932
18	15265923559441
19	16114030338221
20	16962137108458
21	17810243869921
22	18658350622200
23	19506457365182
24	20354564101162
25	21202670827092
26	22050777545337
27	22898884254146
28	23746990953821
29	24595097643905
30	25443204326930
31	26291311000802
32	27139417663125
33	27987524315138
34	28835630961118
35	29683737598230
36	30531844225948
37	31379950841724
38	32228057450946
39	33076164053181
40	33924270645293
41	34772377226941
42	35620483800759
43	36468590365786
44	37316696922528
45	38164803470632
46	39012910010174
47	39861016540662
48	40709123063127
49	41557229577638
50	42405336082580
51	43253442576941
52	44101549063240
53	44949655540329
54	45797762009713
55	46645868469566
56	47493974922312
57	48342081364102
58	49190187795977
59	50038294221991
60	50886400640523
61	51734507048270
62	52582613445718
63	53430719833322
64	54278826213634
65	55126932586280
66	55975038950735
67	56823145306074
68	57671251652707
69	58519357989867
70	59367464318547
71	60215570637876
72	61063676949244
73	61911783252991
74	62759889547134
75	63607995832229
76	64456102107124
77	65304208373468
78	66152314629936
79	67000420877352
80	67848527115541
81	68696633344264
82	69544739565732
83	70392845779713
84	71240951985461
85	72089058182964
86	72937164372485
87	73785270553788
88	74633376724876
89	75481482885904
90	76329589038253
91	77177695184613
92	78025801322813
93	78873907451512
94	79722013571374
95	80570119682213
96	81418225782299
97	82266331873576
98	83114437956001
99	83962544028624
100	84810650094349
101	85658756151541
102	86506862199138
103	87354968239224
104	88203074270721
105	89051180295364
106	89899286309348
107	90747392315383
108	91595498310428
109	92443604298505
110	93291710279005
111	94139816251885
112	94987922216805
113	95836028170986
114	96684134114774
115	97532240049604
116	98380345977078
117	99228451896823
118	100076557810720
119	100924663713882
120	101772769606744
121	102620875490216
122	103468981365126
123	104317087229287
124	105165193086937
125	106013298935545
126	106861404775511
127	107709510607572
128	108557616431090
129	109405722247853
130	110253828054274
131	111101933851550
132	111950039642333
133	112798145425832
134	113646251201429
135	114494356967405
136	115342462724784
137	116190568474078
138	117038674214101
139	117886779944350
140	118734885664766
141	119582991352087
142	848105404859
143	1696210802559
144	2544316191718
145	3392421572771
146	4240526944399
147	5088632309753
148	5936737666006
149	6784843011594
150	7632948349231
151	8481053679776
152	9329159001564
153	10177264314293
154	11025369618727
155	11873474914061
156	12721580202812
157	13569685482306
158	14417790752615
159	15265896013943
160	16114001266435
161	16962106510124
162	17810211747308
163	18658316976397
164	19506422199674
165	20354527414166
166	21202632618849
167	22050737816511
168	22898843005545
169	23746948184650
170	24595053354505
171	25443158517329
172	26291263670414
173	27139368816322
174	27987473955226
175	28835579086292
176	29683684208238
177	30531789321201
178	31379894425367
179	32227999520417
180	33076104606252
181	33924209683792
182	34772314753041
183	35620419814308
184	36468524867488
185	37316629913905
186	38164734953274
187	39012839982923
188	39860945004681
189	40709050021605
190	41557155026614
191	42405260023807
192	43253365011919
193	44101469990792
194	44949574960110
195	45797679922916
196	46645784876779
197	47493889822054
198	48341994759778
199	49190099690586
200	50038204612954
201	50886309526638
202	51734414431178
203	52582519326782
204	53430624214327
205	54278729093219
206	55126833964860
207	55974938829777
208	56823043686138
209	57671148534858
210	58519253373731
211	59367358204658
212	60215463028270
213	61063567842973
214	61911672649202
215	62759777444357
216	63607882232614
217	64455987014329
218	65304091789984
219	66152196553963
220	67000301308410
221	67848406055308
222	68696510795034
223	69544615527843
224	70392720253714
225	71240824969871
226	72088929676962
227	72937034376548
228	73785139070308
229	74633243754205
230	75481348430101
231	76329453094744
232	77177557753140
233	78025662402007
234	78873767044351
235	79721871676037
236	80569976301107
237	81418080917457
238	82266185526458
239	83114290125812
240	83962394718041
241	84810499302145
242	85658603878893
243	86506708449523
244	87354813011696
245	88202917565079
246	89051022109709
247	89899126647313
248	90747231174335
249	91595335694830
250	92443440207491
251	93291544711064
252	94139649204774
253	94987753691531
254	95835858171928
255	96683962642665
256	97532067105075
257	98380171560009
258	99228276007851
259	100076380448981
260	100924484880379
261	101772589303635
262	102620693717620
263	103468798122956
264	104316902520342
265	105165006910492
266	106013111293159
267	106861215668535
268	107709320035729
269	108557424394354
270	109405528745772
271	110253633088464
272	111101737424863
273	111949841752309
274	112797946071441
275	113646050380646
276	114494154678578
277	115342258970037
278	116190363253990
279	117038467531421
280	117886571801640
281	118734676065229
282	119582780321864
283	120430884567834
284	121278988807538
285	122127093040138
286	122975197261554
287	123823301476966
288	124671405680455
289	125519509876677
290	126367614066722
291	127215718248830
292	128063822424253
293	128911926588919
294	129760030746312
295	130608134896095
296	131456239038522
297	132304343174803
298	133152447300636
299	134000551419680
300	134848655531363
301	135696759635177
302	136544863729950
303	137392967814420
304	138241071892694
305	139089175963586
306	139937280025961
307	140785384081499
308	141633488128757
309	142481592166686
310	143329696197004
311	144177800219049
312	145025904232334
313	145874008239131
314	146722112239700
315	147570216233318
316	148418320218183
317	149266424194985
318	150114528163556
319	150962632124005
320	151810736075698
321	152658840019480
322	153506943955213
323	154355047883458
324	155203151804150
325	156051255713834
326	156899359617583
327	157747463513537
328	158595567403645
329	159443671285158
330	160291775159623
331	161139879025270
332	161987982882821
333	162836086731889
334	163684190572817
335	164532294406007
336	165380398231973
337	166228502051564
338	167076605863228
339	167924709668179
340	168772813464142
341	169620917250325
342	170469021027202
343	171317124795387
344	172165228557292
345	173013332313178
346	173861436060242
347	174709539798594
348	175557643531155
349	176405747256622
350	177253850974240
351	178101954682379
352	178950058381107
353	179798162073125
354	180646265757457
355	181494369431459
356	182342473098123
357	183190576758322
358	184038680413055
359	184886784058919
360	185734887696769
361	186582991326529
362	187431094949242
363	188279198563604
364	189127302168779
365	189975405766943
366	190823509356958
367	191671612942645
368	192519716520432
369	193367820088671
370	194215923650712
371	195064027205048
372	195912130749404
373	196760234286038
374	197608337814246
375	198456441334310
376	199304544846165
377	200152648351604
378	201000751849364
379	201848855340303
380	202696958825674
381	203545062302666
382	204393165771965
383	205241269233236
384	206089372684831
385	206937476128084
386	207785579563907
387	208633682993185
388	209481786414553
389	210329889827921
390	211177993233327
391	212026096632856
392	212874200025752
393	213722303410169
394	214570406783319
395	215418510149952
396	216266613508181
397	217114716859461
398	217962820202187
399	218810923538212
400	219659026867492
401	220507130189928
402	221355233505464
403	222203336811193
404	223051440110299
405	223899543401997
406	224747646687017
407	225595749962811
408	226443853229993
409	227291956492049
410	228140059743554
411	228988162986221
412	229836266223104
413	230684369452490
414	231532472673660
415	232380575888428
416	233228679095642
417	234076782295806
418	234924885489411
419	235772988673824
420	236621091849869
421	237469195018991
422	238317298181034
423	239165401337282
424	240013504485507
425	240861607624844
426	241709710755360
427	242557813878639
428	243405916993397
429	244254020102670
430	245102123203437
431	245950226297797
432	246798329384062
433	247646432461108
434	248494535529081
435	249342638593505
436	250190741652934
437	251038844702864
438	251886947743419
439	252735050775878
440	253583153801524
441	254431256817839
442	255279359828998
443	256127462834018
444	256975565829807
445	257823668817167
446	258671771799510
447	259519874772296
448	260367977737312
449	261216080692843
450	262064183642659
451	262912286583714
452	263760389517817
453	264608492444058
454	265456595361983
455	266304698272094
456	267152801178989
457	268000904079313
458	268849006970542
459	269697109854014
460	270545212728969
461	271393315595446
462	272241418453123
463	273089521301646
464	273937624146772
465	274785726984513
466	275633829814836
467	276481932638074
468	277330035455251
469	278178138264109
470	279026241065159
471	279874343858053
472	280722446645033
473	281570549426117
474	282418652198459
475	283266754962605
476	284114857718943
477	284962960466912
478	285811063208297
479	286659165940826
480	287507268668157
481	288355371387607
482	289203474099371
483	290051576801206
484	290899679494921
485	291747782180766
486	292595884861302
487	293443987536557
488	294292090207562
489	295140192871411
490	295988295526032
491	296836398173578
492	297684500812820
493	298532603444668
494	299380706068807
495	300228808684514
496	301076911291200
497	301925013892434
498	302773116485266
499	303621219070695
500	304469321647320
501	305317424215871
502	306165526777582
503	307013629332172
504	307861731880111
505	308709834423365
506	309557936958582
507	310406039485476
508	311254142006131
509	312102244519841
510	312950347023929
511	313798449521002
512	314646552008966
513	315494654490682
514	316342756966394
515	317190859434189
516	318038961895186
517	318887064348726
518	319735166794430
519	320583269232529
520	321431371665919
521	322279474088897
522	323127576503850
523	323975678912100
524	324823781312610
525	325671883707195
526	326519986095257
527	327368088477413
528	328216190850021
529	329064293215899
530	329912395574113
531	330760497925575
532	331608600269527
533	332456702607432
534	333304804936130
535	334152907259025
536	335001009573436
537	335849111882317
538	336697214183153
539	337545316477026
540	338393418763969
541	339241521044225
542	340089623318001
543	340937725584747
544	341785827843496
545	342633930093353
546	343482032337946
547	344330134573562
548	345178236803156
549	346026339024458
550	346874441238245
551	347722543442791
552	348570645641458
553	349418747833412
554	350266850018469
555	351114952195097
556	351963054364738
557	352811156526410
558	353659258682203
559	354507360832058
560	355355462975454
561	356203565108004
562	357051667232364
563	357899769349477
564	358747871461627
565	359595973567081
566	360444075666744
567	361292177760517
568	362140279846444
569	362988381924159
570	363836483994307
571	364684586057163
572	365532688111015
573	366380790160602
574	367228892203265
575	368076994236715
576	368925096262789
577	369773198280362
578	370621300292881
579	371469402299823
580	372317504298019
581	373165606286769
582	374013708269351
583	374861810245383
584	375709912215403
585	376558014178267
586	377406116134640
587	378254218083463
588	379102320024057
589	379950421959343
590	380798523884655
591	381646625804090
592	382494727718218
593	383342829625236
594	384190931524131
595	385039033415031
596	385887135297741
597	386735237175427
598	387583339046242
599	388431440907993
600	389279542764143
601	390127644613944
602	390975746456297
603	391823848292416
604	392671950121597
605	393520051942025
606	394368153755535
607	395216255562036
608	396064357360762
609	396912459151647
610	397760560934861
611	398608662710756
612	399456764482695
613	400304866247946
614	401152968005858
615	402001069756515
616	402849171499979
617	403697273237992
618	404545374968646
619	405393476692752
620	406241578409825
621	407089680120044
622	407937781821213
623	408785883516401
624	409633985203700
625	410482086887256
626	411330188560386
627	412178290226873
628	413026391889537
630	414722595193580
631	415570696832397
632	416418798464586
633	417266900089931
634	418115001708324
635	418963103319335
636	419811204922904
637	420659306519362
638	421507408107177
639	422355509686310
640	423203611258423
641	424051712828455
642	424899814391676
643	425747915947935
644	426596017494549
645	427444119035780
646	428292220570169
647	429140322096391
648	429988423615149
649	430836525129060
650	431684626636129
651	432532728135340
652	433380829628598
653	434228931113498
654	435077032589502
655	435925134061022
656	436773235526154
657	437621336984794
658	438469438437642
659	439317539881731
660	440165641319161
661	441013742751396
662	441861844175604
663	442709945592672
664	443558047001626
665	444406148401190
666	445254249797140
667	446102351186092
668	446950452570196
669	447798553945869
670	448646655316330
671	449494756676889
672	450342858029954
673	451190959375348
674	452039060714957
675	452887162050324
676	453735263379481
677	454583364698497
678	455431466012781
679	456279567317758
680	457127668617750
681	457975769911620
682	458823871198056
683	459671972477482
684	460520073751161
685	461368175017594
686	462216276275998
687	463064377526323
688	463912478771559
689	464760580009838
690	465608681239763
691	466456782463634
692	467304883680208
693	468152984890131
694	469001086092485
695	469849187286439
696	470697288473299
697	471545389654794
698	472393490832574
699	473241592003862
700	474089693166188
701	474937794321508
702	475785895470381
703	476633996613703
