63059	92311.7003692
63060	91948.8696175
63067	89407.7148563
63068	89044.5299492
63069	88681.3830105
63070	88317.9979716
63071	87954.6647739
63072	87591.2596702
63073	87227.835032
63074	86864.2844311
63075	86500.7978189
63076	86137.0176046
63077	85773.5576999
63078	85409.8717317
63079	85046.1865054
63080	84682.4402995
63081	84318.7372172
63082	83954.7082577
63083	83590.8733884
63084	83226.8435028
63085	82862.7910828
63086	82498.5829058
63087	82134.4902172
63088	81770.4283133
63089	81406.1687256
63090	81041.7688898
63091	80677.5344453
63092	80313.1293712
63093	79948.6624569
63094	79584.1436989
63095	79219.7631465
63096	78855.2403848
63097	78490.569275
63098	78125.9315113
63099	77761.2807107
63100	77396.5251337
63101	77031.7549532
63102	76666.9245362
63103	76301.9330173
63104	75937.125666
63105	75572.0905591
63106	75206.9777313
63107	74841.9693755
63108	74476.8199918
63109	74111.610772
63110	73746.4561156
63111	73381.0903083
63112	73015.8760985
63113	72650.3715691
63114	72284.9634318
63115	71919.5255123
63116	71553.9584121
63117	71188.3146401
63118	70822.667064
63119	70456.999456
63120	70091.3075324
63121	69725.5205334
63122	69359.760847
63123	68993.8793982
63124	68627.8876246
63125	68262.0638457
63126	67896.0062296
63127	67529.9425174
63128	67163.7931139
63129	66797.5850545
63130	66431.4497151
63131	66065.1042681
63132	65698.8621266
63133	65332.5064239
63134	64966.1411214
63135	64599.7447266
63136	64233.2708215
63137	63866.8252944
63138	63500.1608547
63139	63133.4520745
63140	62766.9195271
63141	62400.2346198
63142	62033.3286159
63143	61666.5860198
63144	61299.6475946
63145	60932.8745539
63146	60565.9167006
63147	60198.9972993
63148	59831.852758
63149	59464.7771995
63150	59097.7698258
63151	58730.6112411
63152	58363.3360521
63153	57996.1967711
63154	57628.6948249
63155	57261.3016518
63156	56893.9567014
63157	56526.3383285
63158	56158.9094941
63159	55791.4015103
63160	55423.7054383
63161	55055.777775
63162	54688.2161169
63163	54320.281927
63164	53952.4407075
63165	53584.6784927
63166	53216.6275865
63167	52848.6015708
63168	52480.6146246
63169	52112.5175473
63170	51744.4525238
63171	51376.1886403
63172	51007.9586968
63173	50639.5962232
63174	50271.2230828
63175	49903.0539495
63176	49534.5759178
63177	49166.066409
63178	48797.6133295
63179	48429.1780267
63180	48060.466277
63181	47691.7841946
63182	47323.1226469
63183	46954.3782082
63184	46585.5427223
63185	46216.7691544
63186	45847.8481919
63187	45478.8759168
63188	45109.8390671
63189	44740.8969772
63190	44371.7346635
63191	44002.6031728
63192	43633.3899468
63193	43264.125829
63194	42894.8858259
63195	42525.4438853
63196	42156.2399384
63197	41786.8431182
63198	41417.2814261
63199	41047.7799252
63200	40678.189948
63201	40308.6173868
63202	39938.9296405
63203	39569.2303423
63204	39199.4929609
63205	38829.7602716
63206	38459.8260532
63207	38090.0584784
63208	37720.1235893
63209	37350.096201
63210	36980.1148389
63211	36609.8856728
63212	36239.9841802
63213	35869.802618
63214	35499.4644328
63215	35129.1919724
63216	34758.917086
63217	34388.5453541
63218	34018.1712084
63219	33647.5648444
63220	33277.2510348
63221	32906.5766485
63222	32536.0074579
63223	32165.460217
63224	31794.795167
63225	31423.9598999
63226	31053.0467521
63227	30682.2082258
63228	30311.3681504
63229	29940.4024854
63230	29569.3624135
63231	29198.2017554
63232	28827.2234129
63233	28456.0990609
63234	28084.8840291
63235	27713.5391569
63236	27342.333997
63237	26971.0033745
63238	26599.6740046
63239	26228.2749814
63240	25856.7708197
63241	25485.21372
63242	25113.6882233
63243	24741.9966142
63244	24370.3270968
63245	23998.6123251
63246	23626.9089468
63247	23255.0498524
63248	22883.2006382
63249	22511.2732291
63250	22139.3656034
63251	21767.382564
63252	21395.339515
63253	21023.2551811
63254	20651.0151106
63255	20278.8942862
63256	19906.7040598
63257	19534.4293101
63258	19162.0311209
63259	18789.7360661
63260	18417.4234369
63261	18044.9758966
63262	17672.3593987
63263	17299.9663795
63264	16927.2857877
63265	16554.6455191
63266	16182.0074198
63267	15809.1696967
63268	15436.4349675
63269	15063.7150153
63270	14690.8733692
63271	14318.0516977
63272	13945.0364072
63273	13572.0602953
63274	13199.0141641
63275	12825.8971912
63276	12452.8999096
63277	12079.6105121
63278	11706.394124
63279	11333.1010152
63280	10959.8209554
63281	10586.5405883
63282	10213.0623131
63283	9839.61189553
63284	9466.12288934
63285	9092.53525087
63286	8718.75671724
63287	8345.25807416
63288	7971.52164234
63289	7597.78616672
63290	7224.00949627
63291	6850.04015491
63292	6476.18225588
63293	6102.3484676
63294	5728.28379267
63295	5354.29132693
63296	4980.05731592
63297	4606.12779525
63298	4231.74145995
63299	3857.48690211
63300	3483.33488735
63301	3108.99145294
63302	2734.48391002
63303	2360.03190721
63304	1985.63775311
63305	1611.09466362
63306	1236.57501405
63307	861.923778323
63308	487.27272423
63309	112.487922903
63310	-262.224916588
63311	-637.09808908
63312	-1011.93491998
63313	-1386.85951847
63314	-1761.84756593
63315	-2136.92686959
63316	-2511.93444495
63317	-2886.94892941
63318	-3262.16937695
63319	-3637.38653386
63320	-4012.60647734
63321	-4388.02860844
63322	-4763.19456765
63323	-5138.6773599
63324	-5514.04543422
63325	-5889.60130297
63326	-6265.05674043
63327	-6640.72709082
63328	-7016.2070036
63329	-7399.56550972
63330	-7768.04597001
63331	-8143.78557216
63332	-8519.59575099
63333	-8895.45137696
63334	-9271.41991362
63335	-9647.44100723
63336	-10023.2351428
63337	-10399.3869389
63338	-10775.4820406
63339	-11151.6916143
63340	-11527.8483183
63341	-11904.1742054
63342	-12280.4219346
63343	-12656.7245963
63344	-13033.2374377
63345	-13409.6212977
63346	-13785.9675842
63347	-14162.5285431
63348	-14539.1032055
63349	-14915.6626264
63350	-15292.3063437
63351	-15669.0173418
63352	-16045.7588883
63353	-16422.538895
63354	-16799.3933004
63355	-17176.232452
63356	-17553.1416585
63357	-17930.2227802
63358	-18307.1726666
63359	-18684.3447643
63360	-19061.3862128
63361	-19438.4767418
63362	-19815.6758228
63363	-20192.8643777
63364	-20570.2579791
63365	-20947.5523417
63366	-21324.9585715
63367	-21702.4168241
63368	-22080.023605
63369	-22457.4901995
63370	-22835.0322132
63371	-23212.8614417
63372	-23590.5593462
63373	-23968.2501041
63374	-24346.0395215
63375	-24723.9233968
63376	-25101.6773962
63377	-25479.5648654
63378	-25857.5957952
63379	-26235.6375939
63380	-26613.6559624
63381	-26991.7569745
63382	-27369.9840748
63383	-27748.0702484
63384	-28126.3230671
63385	-28504.5433991
63386	-28883.0316899
63387	-29261.5273146
63388	-29639.8092011
63389	-30018.0583673
63390	-30396.7056155
63391	-30775.269992
63392	-31154.0438886
63393	-31532.4301787
63394	-31911.3243923
63395	-32289.9332146
63396	-32668.8642642
63397	-33047.4967806
63398	-33426.5454085
63399	-33805.5778073
63400	-34184.5145012
63401	-34563.4885882
63402	-34942.6291717
63403	-35321.8531855
63404	-35701.0607997
63405	-36080.3029986
63406	-36459.5340103
63407	-36838.7622369
63408	-37218.1629835
63409	-37597.5159063
63410	-37977.020364
63411	-38356.5546585
63412	-38736.1053172
63413	-39115.7518121
63414	-39495.3588812
63415	-39875.2405763
63416	-40254.7724325
63417	-40634.5480987
63418	-41014.4829285
63419	-41352.7990353
63420	-41773.8431108
63421	-42153.7856625
63422	-42533.811545
63423	-42913.8999477
63424	-43293.9554089
63425	-43674.0410988
63426	-44054.3410952
63427	-44434.5070083
63428	-44814.911792
63429	-45195.265576
63430	-45575.6169655
63431	-45955.9436501
63432	-46336.4939639
63433	-46716.9900433
63434	-47097.448709
63435	-47478.2180909
63436	-47858.8344205
63437	-48239.6021592
63438	-48620.3056114
63439	-49001.1497978
63440	-49382.1138613
63441	-49762.9332773
63442	-50143.9669437
63443	-50524.8872526
63444	-50905.9986329
63445	-51286.9904516
63446	-51668.2373056
63447	-52049.3901061
63448	-52430.5097178
63449	-52811.8407249
63450	-53193.1646672
63451	-53574.5313002
63452	-53955.7990645
63453	-54337.2938401
63454	-54718.8111117
63455	-55100.4358003
63456	-55482.0559279
63457	-55863.7484666
63458	-56245.2865516
63459	-56627.0019867
63460	-57008.8435401
63461	-57390.5247223
63462	-57772.5805534
63463	-58154.3541227
63464	-58536.2900822
63465	-58918.2332061
63466	-59300.3077483
63467	-59682.4551962
63468	-60064.6779511
63469	-60446.7022312
63470	-60828.9187423
63471	-61211.1891422
63472	-61593.5025127
63473	-61975.846355
63474	-62358.2929905
63475	-62740.753369
63476	-63123.2998866
63477	-63505.87561
63478	-63888.5001598
63479	-64271.1504636
63480	-64653.8290838
63481	-65036.5364303
63482	-65419.1985456
63483	-65802.140953
63484	-66185.0813005
63485	-66567.9529824
63486	-66950.8921989
63487	-67334.0719539
63488	-67717.0455149
63489	-68100.1946203
63490	-68483.3735872
63491	-68866.6010417
63492	-69249.8698344
63493	-69633.3003535
63494	-70016.4173478
63495	-70399.8802935
63496	-70783.333672
63497	-71166.8253714
63498	-71550.3418916
63499	-71933.8843298
63500	-72317.5399273
63501	-72701.2956255
63502	-73084.7842146
63503	-73468.6730918
63504	-73852.3500092
63505	-74236.2210648
63506	-74620.250213
63507	-75004.1303097
63508	-75388.0835336
63509	-75772.1049778
63510	-76156.2328608
63511	-76540.3869103
63512	-76924.6048379
63513	-77308.7108149
63514	-77693.0946281
63515	-78077.4613435
63516	-78461.8686965
63517	-78846.1929863
63518	-79230.7601955
63519	-79615.308176
63520	-79999.8321032
63521	-80384.4630688
63522	-80769.0313599
63523	-81153.7884424
63524	-81538.3813633
63525	-81923.2293905
63526	-82307.9353368
63527	-82692.8659708
63528	-83077.8285931
63529	-83462.8722281
63530	-83847.8456892
63531	-84232.8642424
63532	-84618.0293117
63533	-85003.0025517
63534	-85388.2006843
63535	-85773.50142
63536	-86158.7180164
63538	-86929.3961623
63539	-87314.7704868
63540	-87700.1623831
63541	-88085.6818688
63542	-88471.311271
63543	-88856.7871127
63544	-89242.3872669
63545	-89628.1935454
63546	-90013.8806024
63547	-90399.723385
63548	-90785.5901853
63549	-91171.3733381
63550	-91557.292276
63551	-91943.2241263
63552	-92329.3686727
63553	-92715.4099425
63554	-93101.6459512
63555	-93487.7380021
63556	-93874.0283476
63557	-94260.2994439
63558	-94646.5641734
63559	-95032.8446894
63560	-95419.2343148
63561	-95805.6687819
63562	-96192.2399537
63563	-96578.762687
63564	-96965.3461729
63565	-97352.0293976
63566	-97738.6889705
63567	-98125.3871853
63568	-98512.1273655
63569	-98898.9949162
63570	-99285.8438395
63571	-99672.6239221
63572	-100059.506634
63573	-100446.488151
63574	-100833.598068
63575	-101220.653553
63576	-101607.726248
63577	-101994.925615
63578	-102382.152147
63579	-102769.466672
63580	-103156.817375
63581	-103544.148058
63582	-103931.773201
63583	-104319.02343
63584	-104706.555723
63585	-105094.016163
63586	-105481.696532
63587	-105869.328423
63588	-106257.072931
63589	-106644.892199
63590	-107032.659046
63591	-107420.447757
63592	-107808.350855
63593	-108196.296705
63594	-108584.308479
63595	-108972.300712
63596	-109360.293938
63597	-109748.604566
63598	-110136.764345
63599	-110524.912875
63600	-110913.272598
63601	-111301.429545
63602	-111689.797665
63603	-112078.2585
63604	-112466.573178
63605	-112854.94655
63606	-113243.428867
63607	-113632.052194
63608	-114020.578108
63609	-114409.147055
63610	-114797.863616
63611	-115186.684768
63612	-115575.527178
63613	-115964.14324
63614	-116353.008266
63615	-116742.043136
63616	-117130.968301
63617	-117520.006211
63618	-117909.013074
63619	-118298.149269
63620	-118687.356082
63621	-119076.441843
63622	-119465.756646
63623	-119855.174895
63624	-120244.393773
63625	-120633.869094
63626	-121023.272334
63627	-121412.822751
63628	-121802.309863
63629	-122191.961149
63630	-122581.646042
63631	-122971.171883
63632	-123360.939296
63633	-123750.61443
63634	-124140.603697
63635	-124530.482024
63636	-124920.135973
63637	-125310.153807
63638	-125700.062914
63639	-126090.09551
63640	-126480.107741
63641	-126870.29479
63642	-127260.414384
63643	-127650.61687
63644	-128040.790096
63645	-128431.213109
63646	-128821.556457
63647	-129211.846504
63648	-129602.346864
63649	-129992.810501
63650	-130383.232729
63651	-130773.878003
63652	-131164.392494
63653	-131555.086911
63654	-131945.723028
63655	-132336.55944
63656	-132727.338089
63657	-133118.095472
63658	-133508.999792
63659	-133900.038879
63660	-134290.911799
63661	-134681.997968
63662	-135072.921016
63663	-135464.209664
63664	-135855.440749
63665	-136246.638029
63666	-136637.854458
63667	-137029.172628
63668	-137420.545037
63669	-137811.956254
63670	-138203.362326
63671	-138594.76358
63672	-138986.223384
63673	-139377.828144
63674	-139769.339354
63675	-140160.951859
63676	-140552.642331
63677	-140944.227574
63678	-141336.10672
63679	-141727.919289
63680	-142119.658237
63681	-142511.543358
63682	-142903.526803
63683	-143295.505859
63684	-143687.639117
63685	-144079.638849
63686	-144471.854928
63687	-144863.958813
63688	-145256.247577
63689	-145648.50261
63690	-146040.92994
63691	-146433.16925
63692	-146825.684294
63693	-147218.131198
63694	-147610.630692
63695	-148003.398197
63696	-148395.880843
63697	-148788.526685
63698	-149181.28618
63699	-149573.982311
63700	-149966.810449
63701	-150359.587307
63702	-150752.564141
63703	-151145.526795
63704	-151538.556409
63705	-151931.483003
63706	-152324.614659
63707	-152717.677525
63708	-153110.862443
63709	-153504.085185
63710	-153897.299845
63711	-154290.593864
63712	-154683.963507
63713	-155077.351053
63714	-155470.753209
63715	-155864.15546
63716	-156257.699042
63717	-156651.321217
63718	-157044.934268
63719	-157438.503017
63720	-157832.194674
63721	-158225.980681
63722	-158619.595178
63723	-159013.501703
63724	-159407.254372
63725	-159801.27703
63726	-160195.349495
63727	-160589.192803
63728	-160983.412876
63729	-161377.529352
63730	-161771.740794
63731	-162165.778807
63732	-162559.959506
63733	-162954.262023
63734	-163348.600736
63735	-163742.987307
63736	-164137.458929
63737	-164531.954282
63738	-164926.330213
63739	-165320.904899
63740	-165715.531284
63741	-166110.081128
63742	-166504.877003
63743	-166899.462808
63744	-167294.483597
63745	-167689.190023
63746	-168084.083811
63747	-168478.964438
63748	-168874.099503
63749	-169269.120666
63750	-169664.125917
63751	-170059.184524
63752	-170454.386427
63753	-170849.665542
63754	-171244.787168
63755	-171640.267996
63756	-172035.521399
63757	-172430.915453
63758	-172826.400184
63759	-173221.875867
63760	-173617.362983
63761	-174012.926706
63762	-174408.46202
63763	-174804.100142
63764	-175199.859569
63765	-175595.558971
63766	-175991.315799
63767	-176387.082601
63768	-176783.094345
63769	-177178.805837
63770	-177574.685418
63771	-177970.91632
63772	-178366.920478
63773	-178763.05515
63774	-179159.181776
63775	-179555.334901
63776	-179951.6098
63777	-180347.848772
63778	-180744.150624
63779	-181140.554654
63780	-181537.005834
63781	-181933.411824
63782	-182329.985503
63783	-182726.511583
63784	-183123.128691
63785	-183519.740555
63786	-183916.514012
63787	-184313.169557
63788	-184710.11027
63789	-185106.969061
63790	-185503.806765
63791	-185900.790948
63792	-186297.816996
63793	-186694.84735
63794	-187091.918383
63795	-187489.017139
63796	-187886.108969
63797	-188283.207412
63798	-188680.436227
63799	-189077.792248
63800	-189475.071252
63801	-189872.370026
63802	-190269.797393
63803	-190667.291598
63804	-191064.792548
63805	-191462.36995
63806	-191859.871533
63807	-192257.533025
63808	-192655.261267
63809	-193052.858318
63810	-193450.695828
63811	-193848.433356
63812	-194246.149728
63813	-194644.079158
63814	-195042.002823
63815	-195439.969377
63816	-195838.07639
63817	-196236.123322
63818	-196634.269928
63819	-197032.274563
63820	-197430.53376
63821	-197828.787967
63822	-198226.953484
63823	-198625.283549
63824	-198985.663018
1073741823	-12867.7810253
