63059	-205799.55343	14580421.2456	20907748.2567	20408831.277	20294132.5792
63060	-207775.467535	14582497.8879	20906278.5534	20409179.2641	20294497.1428
63067	-221598.274865	14597034.7945	20895976.5455	20411616.624	20297037.7856
63068	-223571.733813	14599111.5532	20894502.8183	20411965.0254	20297400.6886
63069	-225544.88569	14601188.326	20893028.5883	20412313.4786	20297764.9033
63070	-227517.730457	14603265.1128	20891553.8555	20412661.9835	20298127.1738
63071	-229490.268076	14605341.9137	20890078.6199	20413010.5403	20298490.2368
63072	-231462.498507	14607418.7285	20888602.8816	20413359.1487	20298855.5997
63073	-233434.421711	14609495.5571	20887126.6406	20413707.809	20299219.6405
63074	-235406.03765	14611572.3995	20885649.897	20414056.521	20299583.0825
63075	-237377.346284	14613649.2555	20884172.6508	20414405.2847	20299946.1444
63076	-239348.347574	14615726.1251	20882694.9019	20414754.1002	20300309.5951
63077	-241319.041482	14617803.0083	20881216.6505	20415102.9674	20300672.1942
63078	-243289.427969	14619879.9048	20879737.8966	20415451.8863	20301035.3478
63079	-245259.506995	14621956.8146	20878258.6403	20415800.857	20301397.9949
63080	-247229.278522	14624033.7377	20876778.8814	20416149.8793	20301763.0837
63081	-249198.742511	14626110.674	20875298.6202	20416498.9534	20302125.7618
63082	-251167.898924	14628187.6233	20873817.8566	20416848.0793	20302491.0534
63083	-253136.74772	14630264.5857	20872336.5907	20417197.2568	20302853.341
63084	-255105.288863	14632341.5609	20870854.8225	20417546.486	20303218.1991
63085	-257073.522312	14634418.549	20869372.552	20417895.7669	20303583.0791
63086	-259041.448029	14636495.5498	20867889.7792	20418245.0995	20303946.0412
63087	-261009.065975	14638572.5632	20866406.5043	20418594.4838	20304308.7941
63088	-262976.376113	14640649.5893	20864922.7272	20418943.9198	20304673.0245
63089	-264943.378401	14642726.6278	20863438.448	20419293.4075	20305036.7084
63090	-266910.072804	14644803.6787	20861953.6668	20419642.9468	20305401.0424
63091	-268876.45928	14646880.742	20860468.3834	20419992.5378	20305765.9005
63092	-270842.537793	14648957.8175	20858982.5981	20420342.1805	20306129.7939
63093	-272808.308303	14651034.9051	20857496.3108	20420691.8748	20306496.4633
63094	-274773.770771	14653112.0049	20856009.5215	20421041.6208	20306859.8747
63095	-276738.92516	14655189.1166	20854522.2303	20421391.4184	20307222.7859
63096	-278703.77143	14657266.2402	20853034.4372	20421741.2677	20307588.3991
63097	-280668.309543	14659343.3756	20851546.1424	20422091.1687	20307954.178
63098	-282632.53946	14661420.5228	20850057.3457	20422441.1212	20308318.0238
63099	-284596.461144	14663497.6816	20848568.0472	20422791.1254	20308684.2059
63100	-286560.074554	14665574.852	20847078.247	20423141.1812	20309047.9824
63101	-288523.379654	14667652.0338	20845587.9451	20423491.2887	20309413.3622
63102	-290486.376404	14669729.2271	20844097.1416	20423841.4478	20309779.2141
63103	-292449.064765	14671806.4316	20842605.8364	20424191.6584	20310144.3875
63104	-294411.444701	14673883.6475	20841114.0297	20424541.9207	20310509.7886
63105	-296373.516171	14675960.8744	20839621.7214	20424892.2346	20310872.4711
63106	-298335.279138	14678038.1124	20838128.9116	20425242.6001	20311237.3992
63107	-300296.733564	14680115.3614	20836635.6003	20425593.0172	20311604.4678
63108	-302257.879409	14682192.6213	20835141.7875	20425943.4859	20311968.0377
63109	-304218.716637	14684269.892	20833647.4734	20426294.0061	20312333.7825
63110	-306179.245207	14686347.1734	20832152.6579	20426644.578	20312697.9131
63111	-308139.465082	14688424.4655	20830657.341	20426995.2014	20313063.6918
63112	-310099.376225	14690501.7681	20829161.5229	20427345.8764	20313430.4015
63113	-312058.978595	14692579.0812	20827665.2035	20427696.603	20313794.9275
63114	-314018.272156	14694656.4047	20826168.3828	20428047.3811	20314159.816
63115	-315977.256869	14696733.7385	20824671.061	20428398.2108	20314524.8317
63116	-317935.932695	14698811.0825	20823173.238	20428749.092	20314890.9576
63117	-319894.299597	14700888.4367	20821674.9139	20429100.0248	20315257.0153
63118	-321852.357537	14702965.8009	20820176.0887	20429451.0091	20315621.4601
63119	-323810.106475	14705043.1751	20818676.7624	20429802.045	20315987.3555
63120	-325767.546375	14707120.5592	20817176.9352	20430153.1324	20316353.8434
63121	-327724.677198	14709197.953	20815676.607	20430504.2713	20316718.1261
63122	-329681.498905	14711275.3566	20814175.7778	20430855.4618	20317085.1908
63123	-331638.011459	14713352.7698	20812674.4477	20431206.7038	20317450.841
63124	-333594.214822	14715430.1926	20811172.6167	20431557.9973	20317815.8276
63125	-335550.108955	14717507.6249	20809670.285	20431909.3423	20318180.5746
63126	-337505.693821	14719585.0665	20808167.4524	20432260.7388	20318547.0882
63127	-339460.969382	14721662.5174	20806664.119	20432612.1868	20318913.4482
63128	-341415.935599	14723739.9775	20805160.285	20432963.6863	20319280.9595
63129	-343370.592435	14725817.4468	20803655.9502	20433315.2373	20319646.4726
63130	-345324.939851	14727894.9251	20802151.1148	20433666.8398	20320013.4561
63131	-347278.97781	14729972.4124	20800645.7788	20434018.4938	20320379.752
63132	-349232.706274	14732049.9085	20799139.9422	20434370.1993	20320745.2736
63133	-351186.125204	14734127.4134	20797633.6051	20434721.9562	20321112.9599
63134	-353139.234564	14736204.9271	20796126.7674	20435073.7646	20321479.259
63135	-355092.034314	14738282.4493	20794619.4293	20435425.6245	20321845.5258
63136	-357044.524418	14740359.9802	20793111.5907	20435777.5358	20322211.8171
63137	-358996.704837	14742437.5194	20791603.2518	20436129.4986	20322577.2035
63138	-360948.575534	14744515.067	20790094.4125	20436481.5128	20322944.7859
63139	-362900.136471	14746592.623	20788585.0728	20436833.5785	20323310.9919
63140	-364851.387609	14748670.1871	20787075.2329	20437185.6956	20323677.5394
63141	-366802.328912	14750747.7593	20785564.8927	20437537.8642	20324045.4421
63142	-368752.960341	14752825.3396	20784054.0523	20437890.0842	20324412.3804
63143	-370703.281859	14754902.9278	20782542.7117	20438242.3556	20324779.6194
63144	-372653.293427	14756980.5239	20781030.871	20438594.6785	20325145.4235
63145	-374602.99501	14759058.1278	20779518.5301	20438947.0527	20325514.5201
63146	-376552.386568	14761135.7394	20778005.6892	20439299.4784	20325878.7678
63147	-378501.468063	14763213.3586	20776492.3482	20439651.9555	20326247.1425
63148	-380450.23946	14765290.9853	20774978.5073	20440004.484	20326611.7292
63149	-382398.700719	14767368.6195	20773464.1664	20440357.0639	20326980.186
63150	-384346.851803	14769446.261	20771949.3255	20440709.6952	20327345.5988
63151	-386294.692674	14771523.9098	20770433.9848	20441062.3779	20327713.2437
63152	-388242.223296	14773601.5658	20768918.1442	20441415.112	20328080.7225
63153	-390189.44363	14775679.2289	20767401.8038	20441767.8975	20328448.1439
63154	-392136.353639	14777756.899	20765884.9636	20442120.7343	20328816.0734
63155	-394082.953285	14779834.5761	20764367.6236	20442473.6225	20329182.4842
63156	-396029.242532	14781912.26	20762849.784	20442826.5621	20329550.6148
63157	-397975.221341	14783989.9507	20761331.4446	20443179.553	20329916.4669
63158	-399920.889674	14786067.6481	20759812.6057	20443532.5953	20330283.7694
63159	-401866.247495	14788145.3521	20758293.2671	20443885.689	20330650.257
63160	-403811.294767	14790223.0626	20756773.429	20444238.834	20331017.0611
63161	-405756.031451	14792300.7795	20755253.0913	20444592.0303	20331386.6703
63162	-407700.45751	14794378.5028	20753732.2542	20444945.278	20331753.5888
63163	-409644.572908	14796456.2323	20752210.9176	20445298.5771	20332122.2978
63164	-411588.377606	14798533.9681	20750689.0816	20445651.9274	20332489.485
63165	-413531.871567	14800611.7099	20749166.7462	20446005.3291	20332858.8651
63166	-415475.054754	14802689.4577	20747643.9114	20446358.7821	20333226.5532
63167	-417417.92713	14804767.2115	20746120.5774	20446712.2865	20333595.3753
63168	-419360.488657	14806844.9711	20744596.7441	20447065.8421	20333964.6588
63169	-421302.739299	14808922.7365	20743072.4115	20447419.4491	20334332.2018
63170	-423244.679017	14811000.5075	20741547.5797	20447773.1073	20334702.123
63171	-425186.307775	14813078.2841	20740022.2488	20448126.8169	20335069.9547
63172	-427127.625536	14815156.0663	20738496.4188	20448480.5777	20335438.4869
63173	-429068.632261	14817233.8538	20736970.0897	20448834.3899	20335806.7791
63174	-431009.327915	14819311.6467	20735443.2615	20449188.2533	20336174.4829
63175	-432949.71246	14821389.4449	20733915.9343	20449542.168	20336543.3291
63176	-434889.785859	14823467.2482	20732388.1081	20449896.134	20336910.5908
63177	-436829.548074	14825545.0566	20730859.783	20450250.1513	20337279.4287
63178	-438768.999069	14827622.87	20729330.9589	20450604.2198	20337647.5441
63179	-440708.138807	14829700.6883	20727801.636	20450958.3396	20338015.8839
63180	-442646.96725	14831778.5115	20726271.8143	20451312.5106	20338386.2932
63181	-444585.484361	14833856.3394	20724741.4938	20451666.7329	20338754.7379
63182	-446523.690104	14835934.1719	20723210.6745	20452021.0065	20339123.0263
63183	-448461.584442	14838012.0091	20721679.3565	20452375.3313	20339491.6644
63184	-450399.167337	14840089.8507	20720147.5398	20452729.7073	20339859.267
63185	-452336.438752	14842167.6967	20718615.2245	20453084.1346	20340227.7867
63186	-454273.398651	14844245.5471	20717082.4105	20453438.6131	20340596.7122
63187	-456210.046996	14846323.4017	20715549.098	20453793.1429	20340967.0368
63188	-458146.383751	14848401.2605	20714015.2869	20454147.7238	20341334.0195
63189	-460082.408879	14850479.1233	20712480.9774	20454502.356	20341703.5833
63190	-462018.122343	14852556.9901	20710946.1693	20454857.0394	20342073.0431
63191	-463953.524106	14854634.8608	20709410.8629	20455211.774	20342442.7458
63192	-465888.614131	14856712.7353	20707875.058	20455566.5598	20342812.576
63193	-467823.392381	14858790.6136	20706338.7548	20455921.3968	20343182.348
63194	-469757.85882	14860868.4955	20704801.9533	20456276.285	20343552.5432
63195	-471692.013411	14862946.381	20703264.6535	20456631.2243	20343921.0584
63196	-473625.856117	14865024.2699	20701726.8555	20456986.2149	20344289.9871
63197	-475559.386901	14867102.1623	20700188.5592	20457341.2567	20344659.7202
63198	-477492.605726	14869180.0579	20698649.7648	20457696.3496	20345029.203
63199	-479425.512556	14871257.9568	20697110.4723	20458051.4937	20345399.7628
63200	-481358.107355	14873335.8589	20695570.6816	20458406.6889	20345767.6056
63201	-483290.390085	14875413.7639	20694030.3929	20458761.9354	20346138.1258
63202	-485222.36071	14877491.672	20692489.6062	20459117.233	20346506.7219
63203	-487154.019193	14879569.5829	20690948.3215	20459472.5817	20346877.3143
63204	-489085.365497	14881647.4967	20689406.5388	20459827.9816	20347247.3012
63205	-491016.399586	14883725.4132	20687864.2582	20460183.4326	20347617.9007
63206	-492947.121424	14885803.3323	20686321.4798	20460538.9348	20347985.4457
63207	-494877.530973	14887881.2539	20684778.2035	20460894.4881	20348357.6429
63208	-496807.628198	14889959.178	20683234.4294	20461250.0926	20348726.6841
63209	-498737.413061	14892037.1045	20681690.1576	20461605.7481	20349096.2151
63210	-500666.885527	14894115.0333	20680145.388	20461961.4548	20349466.1928
63211	-502596.045558	14896192.9643	20678600.1207	20462317.2126	20349837.5241
63212	-504524.893118	14898270.8974	20677054.3558	20462673.0215	20350205.7821
63213	-506453.428171	14900348.8326	20675508.0933	20463028.8816	20350576.8825
63214	-508381.65068	14902426.7697	20673961.3332	20463384.7927	20350945.4278
63215	-510309.56061	14904504.7087	20672414.0756	20463740.7549	20351314.1797
63216	-512237.157922	14906582.6495	20670866.3204	20464096.7683	20351686.7506
63217	-514164.442582	14908660.592	20669318.0678	20464452.8327	20352054.9946
63218	-516091.414552	14910738.5361	20667769.3177	20464808.9482	20352427.4683
63219	-518018.073797	14912816.4817	20666220.0703	20465165.1148	20352796.8991
63220	-519944.42028	14914894.4288	20664670.3255	20465521.3324	20353167.2257
63221	-521870.453964	14916972.3773	20663120.0834	20465877.6012	20353539.291
63222	-523796.174814	14919050.327	20661569.344	20466233.921	20353909.8727
63223	-525721.582793	14921128.2779	20660018.1074	20466590.2918	20354280.1139
63224	-527646.677865	14923206.23	20658466.3736	20466946.7138	20354651.5841
63225	-529571.459994	14925284.1831	20656914.1426	20467303.1867	20355022.1348
63226	-531495.929142	14927362.1371	20655361.4144	20467659.7108	20355392.7606
63227	-533420.085276	14929440.0919	20653808.1892	20468016.2858	20355763.4794
63228	-535343.928357	14931518.0476	20652254.4669	20468372.912	20356134.0822
63229	-537267.45835	14933596.0039	20650700.2476	20468729.5891	20356505.2036
63230	-539190.675218	14935673.9608	20649145.5313	20469086.3173	20356876.8567
63231	-541113.578926	14937751.9183	20647590.3181	20469443.0965	20357249.3835
63232	-543036.169438	14939829.8762	20646034.608	20469799.9267	20357619.4555
63233	-544958.446717	14941907.8344	20644478.401	20470156.808	20357991.1557
63234	-546880.410727	14943985.7929	20642921.6971	20470513.7402	20358360.8881
63235	-548802.061433	14946063.7516	20641364.4965	20470870.7235	20358731.3025
63236	-550723.398797	14948141.7103	20639806.7991	20471227.7578	20359104.504
63237	-552644.422785	14950219.6691	20638248.605	20471584.8431	20359473.9804
63238	-554565.13336	14952297.6278	20636689.9142	20471941.9793	20359846.1233
63239	-556485.530486	14954375.5863	20635130.7267	20472299.1666	20360218.3902
63240	-558405.614127	14956453.5446	20633571.0427	20472656.4048	20360591.1332
63241	-560325.384248	14958531.5026	20632010.862	20473013.6941	20360959.9187
63242	-562244.840812	14960609.4602	20630450.1849	20473371.0343	20361333.2263
63243	-564163.983783	14962687.4172	20628889.0112	20473728.4255	20361703.4795
63244	-566082.813126	14964765.3737	20627327.3411	20474085.8676	20362077.1119
63245	-568001.328804	14966843.3295	20625765.1746	20474443.3607	20362447.1277
63246	-569919.530782	14968921.2846	20624202.5117	20474800.9048	20362818.9407
63247	-571837.419024	14970999.2388	20622639.3524	20475158.4998	20363189.0789
63248	-573754.993494	14973077.1921	20621075.6968	20475516.1458	20363561.3361
63249	-575672.254156	14975155.1444	20619511.545	20475873.8427	20363933.7786
63250	-577589.200975	14977233.0955	20617946.8969	20476231.5906	20364305.7366
63251	-579505.833915	14979311.0456	20616381.7526	20476589.3894	20364678.5556
63252	-581422.152939	14981388.9943	20614816.1122	20476947.2391	20365049.7243
63253	-583338.158013	14983466.9417	20613249.9756	20477305.1398	20365422.1362
63254	-585253.8491	14985544.8877	20611683.343	20477663.0914	20365794.8143
63255	-587169.226165	14987622.8322	20610116.2143	20478021.0939	20366167.5826
63256	-589084.289173	14989700.775	20608548.5896	20478379.1473	20366539.1425
63257	-590999.038087	14991778.7162	20606980.469	20478737.2516	20366912.0845
63258	-592913.472871	14993856.6556	20605411.8524	20479095.4069	20367283.5904
63259	-594827.593491	14995934.5931	20603842.7399	20479453.613	20367658.2432
63260	-596741.399911	14998012.5287	20602273.1315	20479811.87	20368029.2568
63261	-598654.892094	15000090.4623	20600703.0274	20480170.1779	20368402.5623
63262	-600568.070006	15002168.3938	20599132.4274	20480528.5368	20368774.8865
63263	-602480.933612	15004246.3231	20597561.3317	20480886.9465	20369147.3324
63264	-604393.482874	15006324.2501	20595989.7403	20481245.407	20369520.2146
63265	-606305.717758	15008402.1747	20594417.6533	20481603.9185	20369890.965
63266	-608217.638229	15010480.0969	20592845.0706	20481962.4808	20370264.1683
63267	-610129.244251	15012558.0165	20591271.9923	20482321.094	20370636.6439
63268	-612040.535788	15014635.9336	20589698.4184	20482679.758	20371010.5663
63269	-613951.512805	15016713.8479	20588124.349	20483038.4729	20371383.7673
63270	-615862.175267	15018791.7594	20586549.7842	20483397.2387	20371755.5716
63271	-617772.523138	15020869.6681	20584974.7239	20483756.0553	20372128.1072
63272	-619682.556382	15022947.5738	20583399.1682	20484114.9227	20372499.5145
63273	-621592.274966	15025025.4764	20581823.1171	20484473.841	20372873.2543
63274	-623501.678852	15027103.376	20580246.5707	20484832.8101	20373245.4424
63275	-625410.768006	15029181.2723	20578669.529	20485191.83	20373621.6462
63276	-627319.542393	15031259.1653	20577091.9921	20485550.9008	20373993.6666
63277	-629228.001976	15033337.0549	20575513.96	20485910.0224	20374367.2098
63278	-631136.146722	15035414.9411	20573935.4326	20486269.1948	20374739.5418
63279	-633043.976594	15037492.8237	20572356.4101	20486628.418	20375113.3512
63280	-634951.491558	15039570.7027	20570776.8926	20486987.692	20375485.8562
63281	-636858.691577	15041648.5779	20569196.8799	20487347.0169	20375859.8399
63282	-638765.576618	15043726.4494	20567616.3723	20487706.3925	20376231.1174
63283	-640672.146645	15045804.3169	20566035.3696	20488065.8189	20376605.4771
63284	-642578.401622	15047882.1805	20564453.872	20488425.2961	20376979.4211
63285	-644484.341514	15049960.04	20562871.8795	20488784.8241	20377350.7937
63286	-646389.966287	15052037.8954	20561289.3921	20489144.4029	20377724.7641
63287	-648295.275905	15054115.7465	20559706.4099	20489504.0324	20378099.8681
63288	-650200.270334	15056193.5933	20558122.9328	20489863.7128	20378473.2465
63289	-652104.949537	15058271.4357	20556538.9611	20490223.4438	20378846.3484
63290	-654009.31348	15060349.2736	20554954.4946	20490583.2257	20379221.2804
63291	-655913.362129	15062427.107	20553369.5334	20490943.0583	20379593.7321
63292	-657817.095447	15064504.9356	20551784.0775	20491302.9417	20379967.6212
63293	-659720.5134	15066582.7596	20550198.1271	20491662.8758	20380340.4636
63294	-661623.615953	15068660.5787	20548611.6821	20492022.8606	20380715.6168
63295	-663526.403072	15070738.3929	20547024.7425	20492382.8962	20381089.489
63296	-665428.87472	15072816.2021	20545437.3085	20492742.9826	20381462.989
63297	-667331.030863	15074894.0062	20543849.38	20493103.1196	20381838.5149
63298	-669232.871467	15076971.8052	20542260.957	20493463.3074	20382212.8366
63299	-671134.396496	15079049.5989	20540672.0397	20493823.5459	20382585.5896
63300	-673035.605915	15081127.3872	20539082.6281	20494183.8352	20382960.1765
63301	-674936.49969	15083205.1702	20537492.7222	20494544.1751	20383334.505
63302	-676837.077786	15085282.9476	20535902.322	20494904.5657	20383711.8887
63303	-678737.340168	15087360.7194	20534311.4275	20495265.0071	20384084.3927
63304	-680637.2868	15089438.4856	20532720.0389	20495625.4992	20384457.9836
63305	-682536.91765	15091516.246	20531128.1561	20495986.0419	20384832.1188
63306	-684436.23268	15093594.0005	20529535.7792	20496346.6354	20385207.8798
63307	-686335.231858	15095671.7491	20527942.9083	20496707.2795	20385581.9587
63308	-688233.915148	15097749.4917	20526349.5433	20497067.9743	20385958.7253
63309	-690132.282515	15099827.2282	20524755.6843	20497428.7198	20386331.9372
63310	-692030.333925	15101904.9585	20523161.3313	20497789.516	20386707.6247
63311	-693928.069343	15103982.6825	20521566.4844	20498150.3628	20387081.8563
63312	-695825.488734	15106060.4002	20519971.1437	20498511.2603	20387456.8725
63313	-697722.592064	15108138.1114	20518375.3091	20498872.2085	20387832.0048
63314	-699619.379298	15110215.8161	20516778.9807	20499233.2073	20388207.8155
63315	-701515.850402	15112293.5141	20515182.1585	20499594.2568	20388583.2255
63316	-703412.005341	15114371.2055	20513584.8426	20499955.3569	20388958.4898
63317	-705307.84408	15116448.8901	20511987.033	20500316.5076	20389332.4222
63318	-707203.366585	15118526.5678	20510388.7297	20500677.709	20389705.9265
63319	-709098.572821	15120604.2386	20508789.9329	20501038.9611	20390083.9427
63320	-710993.462755	15122681.9023	20507190.6424	20501400.2637	20390459.1491
63321	-712888.03635	15124759.5589	20505590.8584	20501761.617	20390833.6949
63322	-714782.293574	15126837.2083	20503990.5809	20502123.0209	20391209.4168
63323	-716676.234391	15128914.8504	20502389.81	20502484.4754	20391584.3349
63324	-718569.858766	15130992.4851	20500788.5456	20502845.9806	20391961.8712
63325	-720463.166667	15133070.1123	20499186.7879	20503207.5363	20392335.3427
63326	-722356.158057	15135147.732	20497584.5368	20503569.1427	20392711.3556
63327	-724248.832904	15137225.3441	20495981.7924	20503930.7996	20393086.0467
63328	-726141.191172	15139302.9484	20494378.5547	20504292.5071	20393461.6249
63329	-728033.232827	15141380.5449	20492774.8238	20504654.2653	20393837.8921
63330	-729924.957834	15143458.1336	20491170.5997	20505016.074	20394213.5399
63331	-731816.36616	15145535.7142	20489565.8824	20505377.9333	20394589.1749
63332	-733707.457771	15147613.2868	20487960.6721	20505739.8432	20394964.2654
63333	-735598.232631	15149690.8512	20486354.9686	20506101.8036	20395340.8811
63334	-737488.690707	15151768.4075	20484748.7722	20506463.8146	20395715.4686
63335	-739378.831964	15153845.9554	20483142.0827	20506825.8762	20396089.9849
63336	-741268.656369	15155923.4948	20481534.9002	20507187.9883	20396467.9302
63337	-743158.163886	15158001.0258	20479927.2249	20507550.151	20396842.31
63338	-745047.354483	15160078.5483	20478319.0566	20507912.3642	20397220.4225
63339	-746936.228124	15162156.062	20476710.3955	20508274.628	20397594.9349
63340	-748824.784776	15164233.5671	20475101.2416	20508636.9423	20397971.8767
63341	-750713.024404	15166311.0633	20473491.595	20508999.3072	20398346.4669
63342	-752600.946974	15168388.5505	20471881.4556	20509361.7226	20398724.385
63343	-754488.552453	15170466.0288	20470270.8235	20509724.1885	20399100.7073
63344	-756375.840805	15172543.498	20468659.6987	20510086.705	20399476.3387
63345	-758262.811998	15174620.958	20467048.0814	20510449.2719	20399853.3833
63346	-760149.465997	15176698.4088	20465435.9715	20510811.8894	20400231.1764
63347	-762035.802769	15178775.8502	20463823.369	20511174.5574	20400605.7007
63348	-763921.822278	15180853.2822	20462210.274	20511537.2759	20400984.6093
63349	-765807.524491	15182930.7047	20460596.6866	20511900.0449	20401360.6432
63350	-767692.909374	15185008.1176	20458982.6068	20512262.8644	20401737.5873
63351	-769577.976894	15187085.5208	20457368.0346	20512625.7344	20402114.2774
63352	-771462.727016	15189162.9142	20455752.97	20512988.6549	20402491.5866
63353	-773347.159706	15191240.2978	20454137.4131	20513351.6258	20402868.1905
63354	-775231.274931	15193317.6715	20452521.364	20513714.6473	20403246.1387
63355	-777115.072657	15195395.0351	20450904.8227	20514077.7192	20403621.8315
63356	-778998.552849	15197472.3886	20449287.7891	20514440.8416	20404000.4955
63357	-780881.715474	15199549.7319	20447670.2634	20514804.0144	20404378.0251
63358	-782764.560499	15201627.065	20446052.2456	20515167.2378	20404755.1135
63359	-784647.087889	15203704.3876	20444433.7358	20515530.5115	20405132.5414
63360	-786529.29761	15205781.6999	20442814.7339	20515893.8358	20405510.608
63361	-788411.189629	15207859.0015	20441195.24	20516257.2104	20405886.1688
63362	-790292.763913	15209936.2926	20439575.2541	20516620.6356	20406263.816
63363	-792174.020427	15212013.573	20437954.7763	20516984.1111	20406640.8505
63364	-794054.959137	15214090.8425	20436333.8067	20517347.6371	20407019.032
63365	-795935.580011	15216168.1012	20434712.3452	20517711.2136	20407394.894
63366	-797815.883013	15218245.349	20433090.3919	20518074.8404	20407772.3664
63367	-799695.868112	15220322.5856	20431467.9469	20518438.5177	20408148.7883
63368	-801575.535273	15222399.8112	20429845.0102	20518802.2454	20408526.6557
63369	-803454.884462	15224477.0255	20428221.5817	20519166.0235	20408905.7679
63370	-805333.915646	15226554.2285	20426597.6616	20519529.852	20409280.9925
63371	-807212.628791	15228631.4202	20424973.2499	20519893.731	20409659.2158
63372	-809091.023864	15230708.6003	20423348.3467	20520257.6603	20410036.5257
63373	-810969.100831	15232785.7689	20421722.9519	20520621.64	20410413.9784
63374	-812846.859659	15234862.9259	20420097.0657	20520985.6702	20410790.1177
63375	-814724.300315	15236940.0711	20418470.6879	20521349.7507	20411168.7646
63376	-816601.422764	15239017.2045	20416843.8188	20521713.8816	20411546.2094
63377	-818478.226973	15241094.326	20415216.4583	20522078.0628	20411924.8248
63378	-820354.712909	15243171.4355	20413588.6065	20522442.2945	20412300.7954
63379	-822230.880538	15245248.533	20411960.2634	20522806.5765	20412679.8251
63380	-824106.729828	15247325.6183	20410331.429	20523170.9089	20413058.109
63381	-825982.260744	15249402.6913	20408702.1035	20523535.2916	20413434.799
63382	-827857.473253	15251479.752	20407072.2867	20523899.7247	20413813.1854
63383	-829732.367323	15253556.8003	20405441.9788	20524264.2082	20414192.2716
63384	-831606.942919	15255633.8361	20403811.1799	20524628.742	20414570.3569
63385	-833481.200008	15257710.8593	20402179.8898	20524993.3261	20414951.1469
63386	-835355.138557	15259787.8699	20400548.1088	20525357.9606	20415328.89
63387	-837228.758533	15261864.8677	20398915.8367	20525722.6455	20415705.5701
63388	-839102.059902	15263941.8526	20397283.0738	20526087.3806	20416085.6347
63389	-840975.042631	15266018.8246	20395649.8199	20526452.1661	20416464.7144
63390	-842847.706688	15268095.7836	20394016.0751	20526817.0019	20416843.9496
63391	-844720.052038	15270172.7295	20392381.8396	20527181.888	20417223.0793
63392	-846592.078649	15272249.6622	20390747.1133	20527546.8245	20417601.0179
63393	-848463.786487	15274326.5817	20389111.8962	20527911.8112	20417979.0726
63394	-850335.175519	15276403.4878	20387476.1884	20528276.8483	20418357.5393
63395	-852206.245713	15278480.3805	20385839.9899	20528641.9356	20418739.101
63396	-854076.997034	15280557.2596	20384203.3009	20529007.0733	20419115.2289
63397	-855947.429451	15282634.1251	20382566.1212	20529372.2612	20419495.0631
63398	-857817.542929	15284710.9769	20380928.451	20529737.4995	20419872.7533
63399	-859687.337437	15286787.815	20379290.2903	20530102.788	20420252.6975
63400	-861556.81294	15288864.6391	20377651.6391	20530468.1268	20420631.2313
63401	-863425.969406	15290941.4494	20376012.4975	20530833.5159	20421009.6403
63402	-865294.806801	15293018.2455	20374372.8655	20531198.9552	20421388.5564
63403	-867163.325094	15295095.0276	20372732.7431	20531564.4448	20421768.0966
63404	-869031.52425	15297171.7954	20371092.1305	20531929.9847	20422147.0843
63405	-870899.404237	15299248.549	20369451.0275	20532295.5748	20422527.3863
63406	-872766.965022	15301325.2881	20367809.4344	20532661.2152	20422905.2476
63407	-874634.206572	15303402.0128	20366167.351	20533026.9058	20423284.9411
63408	-876501.128854	15305478.723	20364524.7775	20533392.6467	20423665.0429
63409	-878367.731836	15307555.4185	20362881.7139	20533758.4378	20424043.556
63410	-880234.015484	15309632.0993	20361238.1602	20534124.2792	20424422.9685
63411	-882099.979765	15311708.7653	20359594.1164	20534490.1707	20424803.4308
63412	-883965.624647	15313785.4164	20357949.5827	20534856.1126	20425181.2377
63413	-885830.950098	15315862.0525	20356304.559	20535222.1046	20425560.5926
63414	-887695.956083	15317938.6735	20354659.0454	20535588.1468	20425939.7553
63415	-889560.642571	15320015.2794	20353013.0419	20535954.2393	20426320.8307
63416	-891425.009529	15322091.87	20351366.5486	20536320.382	20426699.7876
63417	-893289.056924	15324168.4454	20349719.5655	20536686.5749	20427079.9063
63418	-895152.784723	15326245.0053	20348072.0926	20537052.818	20427458.7004
63419	-897016.192893	15328321.5497	20346424.13	20537419.1112	20427838.943
63420	-898879.281403	15330398.0785	20344775.6778	20537785.4547	20428219.0064
63421	-900742.050218	15332474.5917	20343126.7359	20538151.8484	20428599.2506
63422	-902604.499308	15334551.0891	20341477.3043	20538518.2922	20428980.0507
63423	-904466.628638	15336627.5707	20339827.3833	20538884.7863	20429358.0616
63424	-906328.438177	15338704.0364	20338176.9727	20539251.3305	20429737.9844
63425	-908189.927892	15340780.4861	20336526.0726	20539617.9248	20430120.9549
63426	-910051.09775	15342856.9196	20334874.6831	20539984.5694	20430499.2373
63427	-911911.947719	15344933.337	20333222.8042	20540351.2641	20430879.1593
63428	-913772.477766	15347009.7382	20331570.4359	20540718.009	20431259.9317
63429	-915632.687859	15349086.1229	20329917.5783	20541084.804	20431641.1817
63430	-917492.577965	15351162.4913	20328264.2314	20541451.6491	20432021.9022
63431	-919352.148052	15353238.8431	20326610.3953	20541818.5445	20432401.5039
63432	-921211.398087	15355315.1783	20324956.0699	20542185.4899	20432783.2309
63433	-923070.328038	15357391.4968	20323301.2554	20542552.4855	20433163.581
63434	-924928.937873	15359467.7986	20321645.9518	20542919.5312	20433543.9275
63435	-926787.227559	15361544.0834	20319990.1591	20543286.6271	20433923.9809
63436	-928645.197063	15363620.3514	20318333.8774	20543653.7731	20434303.9989
63437	-930502.846354	15365696.6022	20316677.1066	20544020.9692	20434685.7477
63438	-932360.175399	15367772.836	20315019.8469	20544388.2154	20435066.1383
63439	-934217.184166	15369849.0526	20313362.0983	20544755.5117	20435447.6005
63440	-936073.872623	15371925.2518	20311703.8607	20545122.8581	20435828.1494
63441	-937930.240736	15374001.4337	20310045.1343	20545490.2547	20436210.1616
63442	-939786.288475	15376077.5981	20308385.9192	20545857.7013	20436590.7919
63443	-941642.015806	15378153.745	20306726.2152	20546225.198	20436972.8099
63444	-943497.422697	15380229.8743	20305066.0225	20546592.7448	20437351.0783
63445	-945352.509117	15382305.9858	20303405.3412	20546960.3417	20437735.5016
63446	-947207.275033	15384382.0795	20301744.1712	20547327.9887	20438115.963
63447	-949061.720413	15386458.1553	20300082.5126	20547695.6858	20438494.9026
63448	-950915.845224	15388534.2131	20298420.3654	20548063.4329	20438877.0266
63449	-952769.649435	15390610.2529	20296757.7297	20548431.2301	20439256.6605
63450	-954623.133014	15392686.2745	20295094.6055	20548799.0774	20439638.617
63451	-956476.295928	15394762.2779	20293430.9928	20549166.9747	20440019.3741
63452	-958329.138145	15396838.263	20291766.8918	20549534.9221	20440401.5387
63453	-960181.659634	15398914.2297	20290102.3024	20549902.9195	20440782.5931
63454	-962033.860362	15400990.1778	20288437.2246	20550270.967	20441164.2061
63455	-963885.740297	15403066.1074	20286771.6586	20550639.0645	20441546.4957
63456	-965737.299407	15405142.0183	20285105.6043	20551007.2121	20441926.621
63457	-967588.537661	15407217.9105	20283439.0618	20551375.4096	20442308.9239
63458	-969439.455025	15409293.7839	20281772.0312	20551743.6573	20442690.4395
63459	-971290.051469	15411369.6383	20280104.5124	20552111.9549	20443071.765
63460	-973140.326961	15413445.4737	20278436.5055	20552480.3026	20443454.2812
63461	-974990.281468	15415521.29	20276768.0106	20552848.7003	20443835.6177
63462	-976839.914958	15417597.0871	20275099.0277	20553217.148	20444217.9259
63463	-978689.2274	15419672.865	20273429.5568	20553585.6457	20444599.9728
63464	-980538.218762	15421748.6235	20271759.598	20553954.1934	20444981.507
63465	-982386.889013	15423824.3626	20270089.1513	20554322.7911	20445362.7782
63466	-984235.238119	15425900.0821	20268418.2167	20554691.4388	20445745.9573
63467	-986083.26605	15427975.7821	20266746.7944	20555060.1365	20446127.4001
63468	-987930.972773	15430051.4623	20265074.8843	20555428.8842	20446509.8121
63469	-989778.358257	15432127.1228	20263402.4864	20555797.6819	20446891.4938
63470	-991625.42247	15434202.7634	20261729.6009	20556166.5295	20447273.5679
63471	-993472.165381	15436278.3841	20260056.2277	20556535.4271	20447656.5755
63472	-995318.586958	15438353.9847	20258382.3669	20556904.3747	20448036.3493
63473	-997164.687168	15440429.5652	20256708.0186	20557273.3723	20448422.9133
63474	-999010.465981	15442505.1255	20255033.1827	20557642.4198	20448803.6609
63475	-1000855.92336	15444580.6655	20253357.8593	20558011.5173	20449186.9143
63476	-1002701.05929	15446656.1851	20251682.0485	20558380.6647	20449568.466
63477	-1004545.87372	15448731.6842	20250005.7503	20558749.8621	20449951.7857
63478	-1006390.36662	15450807.1628	20248328.9647	20559119.1094	20450334.1408
63479	-1008234.53797	15452882.6208	20246651.6918	20559488.4066	20450716.6767
63480	-1010078.38774	15454958.058	20244973.9316	20559857.7538	20451099.431
63481	-1011921.91588	15457033.4744	20243295.6842	20560227.151	20451485.4333
63482	-1013765.12237	15459108.8699	20241616.9496	20560596.598	20451865.0169
63483	-1015608.00718	15461184.2445	20239937.7278	20560966.095	20452247.7178
63484	-1017450.57028	15463259.5979	20238258.0189	20561335.6419	20452631.2265
63485	-1019292.81164	15465334.9302	20236577.8228	20561705.2387	20453013.7143
63486	-1021134.73121	15467410.2413	20234897.1398	20562074.8855	20453395.8024
63487	-1022976.32898	15469485.5311	20233215.9698	20562444.5821	20453778.0806
63488	-1024817.60491	15471560.7994	20231534.3128	20562814.3286	20454161.5033
63489	-1026658.55897	15473636.0462	20229852.1688	20563184.125	20454546.5271
63490	-1028499.19113	15475711.2715	20228169.538	20563553.9714	20454929.3527
63491	-1030339.50136	15477786.4751	20226486.4204	20563923.8676	20455312.3117
63492	-1032179.48962	15479861.6569	20224802.8159	20564293.8137	20455693.7237
63493	-1034019.15588	15481936.8169	20223118.7247	20564663.8097	20456077.8194
63494	-1035858.50012	15484011.955	20221434.1468	20565033.8555	20456460.9478
63495	-1037697.5223	15486087.071	20219749.0822	20565403.9513	20456843.2997
63496	-1039536.22239	15488162.1649	20218063.5309	20565774.0969	20457228.0771
63497	-1041374.60036	15490237.2367	20216377.4931	20566144.2923	20457610.4072
63498	-1043212.65618	15492312.2862	20214690.9687	20566514.5376	20457993.8662
63499	-1045050.38981	15494387.3133	20213003.9578	20566884.8328	20458378.5752
63500	-1046887.80123	15496462.318	20211316.4604	20567255.1778	20458762.5689
63501	-1048724.8904	15498537.3002	20209628.4765	20567625.5727	20459147.5329
63502	-1050561.6573	15500612.2597	20207940.0063	20567996.0174	20459530.0354
63503	-1052398.10188	15502687.1966	20206251.0497	20568366.512	20459913.472
63504	-1054234.22413	15504762.1106	20204561.6068	20568737.0564	20460299.0938
63505	-1056070.02401	15506837.0018	20202871.6777	20569107.6506	20460683.6696
63506	-1057905.50149	15508911.8701	20201181.2623	20569478.2946	20461065.9713
63507	-1059740.65653	15510986.7152	20199490.3607	20569848.9885	20461451.5051
63508	-1061575.48912	15513061.5373	20197798.9729	20570219.7322	20461835.127
63509	-1063409.9992	15515136.3361	20196107.0991	20570590.5257	20462218.5816
63510	-1065244.18677	15517211.1117	20194414.7391	20570961.369	20462602.5404
63511	-1067078.05177	15519285.8638	20192721.8932	20571332.2621	20462987.5629
63512	-1068911.59419	15521360.5925	20191028.5612	20571703.205	20463369.9875
63513	-1070744.81399	15523435.2976	20189334.7433	20572074.1977	20463755.8898
63514	-1072577.71114	15525509.979	20187640.4395	20572445.2402	20464140.5139
63515	-1074410.28561	15527584.6368	20185945.6499	20572816.3325	20464524.1699
63516	-1076242.53737	15529659.2707	20184250.3744	20573187.4746	20464908.3768
63517	-1078074.46639	15531733.8807	20182554.6131	20573558.6665	20465292.7909
63518	-1079906.07263	15533808.4667	20180858.3661	20573929.9081	20465677.6962
63519	-1081737.35608	15535883.0286	20179161.6333	20574301.1995	20466062.8613
63520	-1083568.31668	15537957.5664	20177464.4149	20574672.5406	20466447.5899
63521	-1085398.95442	15540032.0799	20175766.7109	20575043.9316	20466830.8606
63522	-1087229.26927	15542106.5691	20174068.5213	20575415.3723	20467215.9133
63523	-1089059.26119	15544181.0338	20172369.8462	20575786.8627	20467600.0806
63524	-1090888.93015	15546255.4741	20170670.6855	20576158.4029	20467986.1251
63525	-1092718.27613	15548329.8898	20168971.0394	20576529.9928	20468369.1706
63526	-1094547.29908	15550404.2807	20167270.9079	20576901.6325	20468755.9193
63527	-1096375.99899	15552478.647	20165570.291	20577273.3219	20469140.2973
63528	-1098204.37581	15554552.9883	20163869.1888	20577645.0611	20469523.4426
63529	-1100032.42953	15556627.3048	20162167.6012	20578016.85	20469910.1503
63530	-1101860.1601	15558701.5962	20160465.5284	20578388.6886	20470295.9451
63531	-1103687.5675	15560775.8625	20158762.9704	20578760.5769	20470678.6024
63532	-1105514.6517	15562850.1036	20157059.9272	20579132.5149	20471063.9113
63533	-1107341.41266	15564924.3194	20155356.3989	20579504.5027	20471448.8297
63534	-1109167.85036	15566998.5098	20153652.3855	20579876.5401	20471834.2813
63535	-1110993.96477	15569072.6748	20151947.8871	20580248.6273	20472218.4007
63536	-1112819.75585	15571146.8143	20150242.9036	20580620.7642	20472604.4482
63538	-1116470.36792	15575295.0162	20146831.4818	20581365.187	20473373.7763
63539	-1118295.18884	15577369.0785	20145125.0435	20581737.4729	20473760.8527
63540	-1120119.68632	15579443.1149	20143418.1204	20582109.8085	20474145.2455
63541	-1121943.86032	15581517.1254	20141710.7125	20582482.1938	20474530.8531
63542	-1123767.71081	15583591.1098	20140002.8199	20582854.6288	20474915.4005
63543	-1125591.23776	15585665.0681	20138294.4425	20583227.1134	20475301.868
63544	-1127414.44115	15587739.0001	20136585.5804	20583599.6478	20475687.5397
63545	-1129237.32094	15589812.9058	20134876.2337	20583972.2317	20476072.6475
63546	-1131059.8771	15591886.7851	20133166.4024	20584344.8654	20476457.2526
63547	-1132882.1096	15593960.6379	20131456.0865	20584717.5486	20476845.062
63548	-1134704.01841	15596034.4642	20129745.2861	20585090.2816	20477229.6255
63549	-1136525.60349	15598108.2638	20128034.0012	20585463.0642	20477617.599
63550	-1138346.86483	15600182.0366	20126322.2319	20585835.8964	20478003.7575
63551	-1140167.80239	15602255.7826	20124609.9782	20586208.7782	20478389.5328
63552	-1141988.41614	15604329.5017	20122897.2401	20586581.7097	20478776.4776
63553	-1143808.70605	15606403.1938	20121184.0178	20586954.6908	20479160.991
63554	-1145628.67208	15608476.8588	20119470.3111	20587327.7216	20479548.5505
63555	-1147448.31422	15610550.4966	20117756.1203	20587700.8019	20479933.0256
63556	-1149267.63242	15612624.1072	20116041.4452	20588073.9319	20480321.5114
63557	-1151086.62667	15614697.6904	20114326.286	20588447.1115	20480707.2937
63558	-1152905.29692	15616771.2461	20112610.6427	20588820.3407	20481092.2049
63559	-1154723.64315	15618844.7744	20110894.5153	20589193.6195	20481479.8155
63560	-1156541.66532	15620918.275	20109177.9039	20589566.9479	20481866.743
63561	-1158359.36342	15622991.748	20107460.8085	20589940.3259	20482252.9591
63562	-1160176.7374	15625065.1931	20105743.2291	20590313.7535	20482638.8205
63563	-1161993.78724	15627138.6104	20104025.1659	20590687.2307	20483026.3875
63564	-1163810.51292	15629211.9998	20102306.6188	20591060.7574	20483411.4758
63565	-1165626.91438	15631285.3611	20100587.5879	20591434.3337	20483799.8976
63566	-1167442.99162	15633358.6942	20098868.0732	20591807.9597	20484185.3589
63567	-1169258.7446	15635431.9992	20097148.0748	20592181.6351	20484570.3464
63568	-1171074.17328	15637505.2759	20095427.5926	20592555.3602	20484957.3438
63569	-1172889.27764	15639578.5241	20093706.6269	20592929.1348	20485345.3357
63570	-1174704.05765	15641651.744	20091985.1775	20593302.9589	20485731.2972
63571	-1176518.51328	15643724.9352	20090263.2445	20593676.8327	20486117.9518
63572	-1178332.6445	15645798.0978	20088540.828	20594050.7559	20486506.2035
63573	-1180146.45127	15647871.2317	20086817.9281	20594424.7287	20486891.6318
63574	-1181959.93358	15649944.3368	20085094.5446	20594798.7511	20487278.0553
63575	-1183773.09139	15652017.4129	20083370.6778	20595172.823	20487663.8751
63576	-1185585.92466	15654090.4601	20081646.3276	20595546.9444	20488052.0414
63577	-1187398.43338	15656163.4782	20079921.4941	20595921.1154	20488439.594
63578	-1189210.6175	15658236.4672	20078196.1773	20596295.3358	20488825.8501
63579	-1191022.47701	15660309.4269	20076470.3773	20596669.6058	20489212.7853
63580	-1192834.01187	15662382.3572	20074744.094	20597043.9253	20489601.0211
63581	-1194645.22204	15664455.2582	20073017.3276	20597418.2944	20489988.7846
63582	-1196456.10751	15666528.1296	20071290.0781	20597792.7129	20490375.2536
63583	-1198266.66824	15668600.9714	20069562.3456	20598167.1809	20490762.3849
63584	-1200076.90421	15670673.7836	20067834.1299	20598541.6985	20491150.2126
63585	-1201886.81537	15672746.566	20066105.4313	20598916.2655	20491537.7429
63586	-1203696.40171	15674819.3186	20064376.2498	20599290.882	20491925.4405
63587	-1205505.66319	15676892.0412	20062646.5853	20599665.548	20492312.7287
63588	-1207314.59979	15678964.7338	20060916.438	20600040.2635	20492700.7935
63589	-1209123.21147	15681037.3962	20059185.8079	20600415.0285	20493087.95
63590	-1210931.49821	15683110.0285	20057454.6949	20600789.8429	20493477.6303
63591	-1212739.45997	15685182.6305	20055723.0992	20601164.7069	20493865.5672
63592	-1214547.09672	15687255.2022	20053991.0209	20601539.6202	20494251.5761
63593	-1216354.40845	15689327.7433	20052258.4598	20601914.5831	20494640.9632
63594	-1218161.39511	15691400.254	20050525.4162	20602289.5954	20495030.7103
63595	-1219968.05667	15693472.734	20048791.89	20602664.6572	20495417.6161
63596	-1221774.39312	15695545.1833	20047057.8812	20603039.7684	20495805.7703
63597	-1223580.40441	15697617.6018	20045323.3899	20603414.929	20496195.3231
63598	-1225386.09053	15699689.9894	20043588.4162	20603790.1391	20496582.8629
63599	-1227191.45143	15701762.346	20041852.9601	20604165.3986	20496971.4929
63600	-1228996.48709	15703834.6716	20040117.0217	20604540.7076	20497357.7721
63601	-1230801.19749	15705906.966	20038380.6009	20604916.066	20497748.2991
63602	-1232605.58259	15707979.2292	20036643.6978	20605291.4738	20498135.1196
63603	-1234409.64236	15710051.4611	20034906.3124	20605666.9311	20498525.1247
63604	-1236213.37677	15712123.6615	20033168.4449	20606042.4377	20498912.4973
63605	-1238016.7858	15714195.8305	20031430.0952	20606417.9938	20499301.3923
63606	-1239819.86942	15716267.9679	20029691.2634	20606793.5993	20499688.1951
63607	-1241622.62759	15718340.0737	20027951.9495	20607169.2542	20500076.871
63608	-1243425.06028	15720412.1477	20026212.1536	20607544.9584	20500465.5967
63609	-1245227.16748	15722484.1898	20024471.8757	20607920.7121	20500854.5932
63610	-1247028.94914	15724556.2	20022731.1159	20608296.5152	20501243.0637
63611	-1248830.40524	15726628.1782	20020989.8741	20608672.3677	20501631.6565
63612	-1250631.53576	15728700.1244	20019248.1505	20609048.2695	20502020.3763
63613	-1252432.34065	15730772.0383	20017505.945	20609424.2207	20502408.5981
63614	-1254232.8199	15732843.92	20015763.2578	20609800.2213	20502799.6332
63615	-1256032.97346	15734915.7693	20014020.0888	20610176.2713	20503187.953
63616	-1257832.80133	15736987.5862	20012276.4382	20610552.3706	20503576.7092
63617	-1259632.30346	15739059.3705	20010532.3058	20610928.5193	20503964.5798
63618	-1261431.47982	15741131.1222	20008787.6919	20611304.7174	20504354.0842
63619	-1263230.33039	15743202.8413	20007042.5964	20611680.9648	20504743.012
63620	-1265028.85514	15745274.5275	20005297.0193	20612057.2616	20505131.7332
63621	-1266827.05404	15747346.1809	20003550.9608	20612433.6077	20505523.0559
63622	-1268624.92706	15749417.8013	20001804.4208	20612810.0032	20505912.0169
63623	-1270422.47417	15751489.3886	20000057.3994	20613186.448	20506299.7293
63624	-1272219.69534	15753560.9429	19998309.8967	20613562.9421	20506690.6605
63625	-1274016.59055	15755632.4639	19996561.9126	20613939.4856	20507078.7057
63626	-1275813.15976	15757703.9516	19994813.4472	20614316.0784	20507468.0426
63627	-1277609.40295	15759775.4059	19993064.5006	20614692.7205	20507858.8243
63628	-1279405.32008	15761846.8267	19991315.0729	20615069.4119	20508247.3295
63629	-1281200.91114	15763918.214	19989565.1639	20615446.1526	20508635.6217
63630	-1282996.17608	15765989.5676	19987814.7739	20615822.9427	20509026.8136
63631	-1284791.11488	15768060.8875	19986063.9027	20616199.7821	20509416.9998
63632	-1286585.72752	15770132.1735	19984312.5506	20616576.6707	20509806.5123
63633	-1288380.01396	15772203.4256	19982560.7175	20616953.6087	20510194.9335
63634	-1290173.97417	15774274.6438	19980808.4034	20617330.5959	20510584.6044
63635	-1291967.60813	15776345.8278	19979055.6084	20617707.6325	20510975.4192
63636	-1293760.91581	15778416.9777	19977302.3326	20618084.7183	20511365.4489
63637	-1295553.89718	15780488.0934	19975548.5759	20618461.8534	20511755.3564
63638	-1297346.55221	15782559.1746	19973794.3385	20618839.0378	20512144.2049
63639	-1299138.88087	15784630.2215	19972039.6203	20619216.2715	20512534.2002
63640	-1300930.88313	15786701.2338	19970284.4215	20619593.5544	20512923.8918
63641	-1302722.55896	15788772.2116	19968528.742	20619970.8866	20513314.6942
63642	-1304513.90835	15790843.1546	19966772.5819	20620348.268	20513704.1114
63643	-1306304.93125	15792914.0629	19965015.9412	20620725.6987	20514096.3493
63644	-1308095.62763	15794984.9363	19963258.82	20621103.1787	20514485.7685
63645	-1309885.99748	15797055.7747	19961501.2183	20621480.7079	20514877.2149
63646	-1311676.04077	15799126.5781	19959743.1362	20621858.2864	20515265.6819
63647	-1313465.75745	15801197.3464	19957984.5737	20622235.9141	20515656.8648
63648	-1315255.14751	15803268.0795	19956225.5309	20622613.591	20516046.608
63649	-1317044.21092	15805338.7773	19954466.0077	20622991.3172	20516436.1045
63650	-1318832.94764	15807409.4397	19952706.0043	20623369.0926	20516827.0743
63651	-1320621.35766	15809480.0667	19950945.5206	20623746.9172	20517219.0068
63652	-1322409.44093	15811550.6581	19949184.5567	20624124.791	20517609.0838
63653	-1324197.19744	15813621.2138	19947423.1128	20624502.7141	20518001.4175
63654	-1325984.62716	15815691.7338	19945661.1887	20624880.6864	20518393.5682
63655	-1327771.73005	15817762.218	19943898.7845	20625258.7078	20518783.1105
63656	-1329558.50609	15819832.6663	19942135.9004	20625636.7785	20519174.4813
63657	-1331344.95525	15821903.0786	19940372.5362	20626014.8984	20519563.7943
63658	-1333131.0775	15823973.4549	19938608.6922	20626393.0675	20519955.269
63659	-1334916.87282	15826043.795	19936844.3682	20626771.2857	20520345.8861
63660	-1336702.34117	15828114.0988	19935079.5644	20627149.5532	20520737.8803
63661	-1338487.48252	15830184.3663	19933314.2808	20627527.8698	20521129.3416
63662	-1340272.29686	15832254.5974	19931548.5175	20627906.2357	20521520.4561
63663	-1342056.78415	15834324.7919	19929782.2744	20628284.6507	20521911.9987
63664	-1343840.94436	15836394.9499	19928015.5516	20628663.1148	20522304.1137
63665	-1345624.77747	15838465.0712	19926248.3492	20629041.6282	20522694.0894
63666	-1347408.28344	15840535.1557	19924480.6673	20629420.1906	20523086.5604
63667	-1349191.46225	15842605.2034	19922712.5057	20629798.8023	20523476.1193
63668	-1350974.31387	15844675.2141	19920943.8647	20630177.4631	20523866.9934
63669	-1352756.83828	15846745.1878	19919174.7442	20630556.1731	20524258.3953
63670	-1354539.03543	15848815.1244	19917405.1443	20630934.9322	20524650.957
63671	-1356320.90532	15850885.0238	19915635.065	20631313.7404	20525043.3014
63672	-1358102.4479	15852954.8859	19913864.5063	20631692.5978	20525434.3979
63673	-1359883.66316	15855024.7107	19912093.4684	20632071.5043	20525825.1358
63674	-1361664.55105	15857094.4979	19910321.9512	20632450.46	20526215.6397
63675	-1363445.11156	15859164.2477	19908549.9549	20632829.4648	20526606.6894
63676	-1365225.34466	15861233.9598	19906777.4793	20633208.5187	20526998.775
63677	-1367005.25032	15863303.6341	19905004.5246	20633587.6217	20527389.0409
63678	-1368784.82851	15865373.2707	19903231.0909	20633966.7738	20527780.8179
63679	-1370564.0792	15867442.8694	19901457.1781	20634345.9751	20528172.946
63680	-1372343.00237	15869512.4301	19899682.7863	20634725.2254	20528564.9385
63681	-1374121.59798	15871581.9527	19897907.9155	20635104.5249	20528956.6282
63682	-1375899.86601	15873651.4372	19896132.5659	20635483.8735	20529348.1321
63683	-1377677.80644	15875720.8834	19894356.7374	20635863.2711	20529741.6135
63684	-1379455.41923	15877790.2913	19892580.43	20636242.7178	20530131.5496
63685	-1381232.70436	15879859.6608	19890803.6439	20636622.2137	20530524.3389
63686	-1383009.66179	15881928.9918	19889026.379	20637001.7586	20530915.413
63687	-1384786.29151	15883998.2842	19887248.6355	20637381.3526	20531307.2482
63688	-1386562.59348	15886067.538	19885470.4133	20637760.9956	20531700.3909
63689	-1388338.56767	15888136.753	19883691.7124	20638140.6878	20532093.6824
63690	-1390114.21407	15890205.9291	19881912.533	20638520.429	20532486.2671
63691	-1391889.53263	15892275.0663	19880132.8751	20638900.2192	20532878.1195
63692	-1393664.52334	15894344.1645	19878352.7387	20639280.0585	20533272.4435
63693	-1395439.18616	15896413.2236	19876572.1238	20639659.9469	20533661.4943
63694	-1397213.52107	15898482.2434	19874791.0306	20640039.8843	20534054.8849
63695	-1398987.52804	15900551.224	19873009.459	20640419.8708	20534450.1783
63696	-1400761.20704	15902620.1653	19871227.4091	20640799.9063	20534841.598
63697	-1402534.55805	15904689.0671	19869444.8809	20641179.9908	20535234.1446
63698	-1404307.58104	15906757.9293	19867661.8745	20641560.1244	20535626.384
63699	-1406080.27597	15908826.7519	19865878.3899	20641940.307	20536018.5442
63700	-1407852.64283	15910895.5348	19864094.4271	20642320.5387	20536412.6121
63701	-1409624.68158	15912964.2779	19862309.9863	20642700.8193	20536805.3887
63702	-1411396.39221	15915032.9812	19860525.0674	20643081.149	20537197.6263
63703	-1413167.77467	15917101.6444	19858739.6705	20643461.5277	20537591.3959
63704	-1414938.82894	15919170.2676	19856953.7956	20643841.9554	20537984.5189
63705	-1416709.55501	15921238.8506	19855167.4428	20644222.4321	20538377.1251
63706	-1418479.95283	15923307.3934	19853380.6121	20644602.9578	20538769.7801
63707	-1420250.02238	15925375.8959	19851593.3036	20644983.5325	20539164.4882
63708	-1422019.76363	15927444.358	19849805.5173	20645364.1562	20539557.6735
63709	-1423789.17656	15929512.7796	19848017.2532	20645744.8289	20539950.7187
63710	-1425558.26114	15931581.1606	19846228.5114	20646125.5505	20540344.1025
63711	-1427327.01734	15933649.5009	19844439.292	20646506.3212	20540737.6772
63712	-1429095.44514	15935717.8005	19842649.5949	20646887.1408	20541129.7262
63713	-1430863.54451	15937786.0593	19840859.4202	20647268.0094	20541524.2144
63714	-1432631.31541	15939854.2771	19839068.768	20647648.927	20541917.5629
63715	-1434398.75783	15941922.4539	19837277.6383	20648029.8935	20542310.0904
63716	-1436165.87173	15943990.5896	19835486.0311	20648410.909	20542704.8206
63717	-1437932.6571	15946058.6841	19833693.9466	20648791.9735	20543099.4948
63718	-1439699.11389	15948126.7373	19831901.3846	20649173.0869	20543490.977
63719	-1441465.24209	15950194.7492	19830108.3453	20649554.2492	20543884.041
63720	-1443231.04167	15952262.7196	19828314.8288	20649935.4606	20544278.3518
63721	-1444996.5126	15954330.6485	19826520.835	20650316.7208	20544672.826
63722	-1446761.65485	15956398.5358	19824726.364	20650698.03	20545065.0741
63723	-1448526.4684	15958466.3814	19822931.4159	20651079.3881	20545460.9475
63724	-1450290.95322	15960534.1852	19821135.9906	20651460.7951	20545853.9337
63725	-1452055.10928	15962601.947	19819340.0883	20651842.2511	20546247.6626
63726	-1453818.93655	15964669.667	19817543.709	20652223.756	20546642.314
63727	-1455582.43502	15966737.3448	19815746.8527	20652605.3098	20547035.9143
63728	-1457345.60464	15968804.9806	19813949.5194	20652986.9125	20547429.3084
63729	-1459108.4454	15970872.5741	19812151.7093	20653368.5642	20547823.3186
63730	-1460870.95727	15972940.1252	19810353.4223	20653750.2647	20548218.0929
63731	-1462633.14022	15975007.634	19808554.6585	20654132.0141	20548612.9246
63732	-1464394.99423	15977075.1003	19806755.4179	20654513.8125	20549007.0104
63733	-1466156.51926	15979142.524	19804955.7006	20654895.6597	20549399.9949
63734	-1467917.71529	15981209.9051	19803155.5066	20655277.5558	20549794.3168
63735	-1469678.5823	15983277.2434	19801354.836	20655659.5008	20550189.0585
63736	-1471439.12025	15985344.5388	19799553.6888	20656041.4947	20550583.5296
63737	-1473199.32912	15987411.7914	19797752.0651	20656423.5375	20550977.619
63738	-1474959.20889	15989479.0009	19795949.9648	20656805.6291	20551371.0366
63739	-1476718.75952	15991546.1673	19794147.3881	20657187.7696	20551765.3298
63740	-1478477.981	15993613.2906	19792344.335	20657569.959	20552160.2753
63741	-1480236.87328	15995680.3706	19790540.8055	20657952.1972	20552555.936
63742	-1481995.43636	15997747.4072	19788736.7996	20658334.4843	20552948.7643
63743	-1483753.67019	15999814.4004	19786932.3175	20658716.8203	20553344.5945
63744	-1485511.57476	16001881.35	19785127.3591	20659099.2051	20553740.3178
63745	-1487269.15003	16003948.2561	19783321.9246	20659481.6387	20554134.1124
63746	-1489026.39599	16006015.1184	19781516.0138	20659864.1212	20554527.9709
63747	-1490783.3126	16008081.9369	19779709.627	20660246.6525	20554923.2202
63748	-1492539.89983	16010148.7116	19777902.7641	20660629.2326	20555319.2613
63749	-1494296.15767	16012215.4423	19776095.4251	20661011.8616	20555713.6923
63750	-1496052.08608	16014282.1289	19774287.6102	20661394.5394	20556108.5873
63751	-1497807.68503	16016348.7714	19772479.3193	20661777.2661	20556504.1834
63752	-1499562.95451	16018415.3697	19770670.5526	20662160.0415	20556900.4765
63753	-1501317.89449	16020481.9236	19768861.3099	20662542.8658	20557295.2491
63754	-1503072.50493	16022548.4332	19767051.5915	20662925.7388	20557690.4945
63755	-1504826.78581	16024614.8982	19765241.3973	20663308.6607	20558085.3748
63756	-1506580.73711	16026681.3187	19763430.7274	20663691.6314	20558481.8592
63757	-1508334.3588	16028747.6946	19761619.5817	20664074.6509	20558877.9875
63758	-1510087.65085	16030814.0257	19759807.9605	20664457.7191	20559271.2946
63759	-1511840.61324	16032880.3119	19757995.8637	20664840.8362	20559667.6729
63760	-1513593.24593	16034946.5533	19756183.2913	20665224.002	20560064.1895
63761	-1515345.54891	16037012.7496	19754370.2434	20665607.2167	20560459.1163
63762	-1517097.52215	16039078.9008	19752556.72	20665990.4801	20560855.7568
63763	-1518849.16562	16041145.0069	19750742.7212	20666373.7922	20561250.0064
63764	-1520600.47929	16043211.0677	19748928.2471	20666757.1532	20561645.8261
63765	-1522351.46315	16045277.0831	19747113.2976	20667140.5629	20562042.9119
63766	-1524102.11715	16047343.0531	19745297.8728	20667524.0214	20562437.7485
63767	-1525852.44128	16049408.9775	19743481.9728	20667907.5286	20562831.0488
63768	-1527602.43552	16051474.8564	19741665.5976	20668291.0846	20563228.7274
63769	-1529352.09982	16053540.6895	19739848.7472	20668674.6893	20563625.2465
63770	-1531101.43418	16055606.4769	19738031.4217	20669058.3428	20564021.3139
63771	-1532850.43855	16057672.2183	19736213.6211	20669442.045	20564416.4056
63772	-1534599.11292	16059737.9138	19734395.3455	20669825.796	20564813.779
63773	-1536347.45726	16061803.5633	19732576.5949	20670209.5957	20565211.6428
63774	-1538095.47155	16063869.1666	19730757.3694	20670593.4441	20565605.8999
63775	-1539843.15575	16065934.7237	19728937.669	20670977.3413	20566001.3759
63776	-1541590.50984	16068000.2345	19727117.4937	20671361.2872	20566397.6025
63777	-1543337.5338	16070065.6989	19725296.8437	20671745.2818	20566794.111
63778	-1545084.2276	16072131.1168	19723475.7188	20672129.3251	20567187.7686
63779	-1546830.59121	16074196.4881	19721654.1193	20672513.4171	20567584.5362
63780	-1548576.62461	16076261.8127	19719832.045	20672897.5578	20567982.4457
63781	-1550322.32777	16078327.0907	19718009.4962	20673281.7473	20568378.595
63782	-1552067.70066	16080392.3217	19716186.4727	20673665.9854	20568775.9962
63783	-1553812.74327	16082457.5059	19714362.9747	20674050.2722	20569171.0131
63784	-1555557.45556	16084522.6431	19712539.0022	20674434.6077	20569568.1709
63785	-1557301.83751	16086587.7331	19710714.5552	20674818.9919	20569964.4312
63786	-1559045.88909	16088652.776	19708889.6338	20675203.4248	20570361.3228
63787	-1560789.61027	16090717.7716	19707064.2381	20675587.9064	20570757.7602
63788	-1562533.00104	16092782.7199	19705238.368	20675972.4366	20571155.1491
63789	-1564276.06136	16094847.6207	19703412.0236	20676357.0155	20571551.7309
63790	-1566018.79121	16096912.474	19701585.205	20676741.6431	20571949.1102
63791	-1567761.19057	16098977.2796	19699757.9122	20677126.3193	20572345.8858
63792	-1569503.2594	16101042.0376	19697930.1453	20677511.0442	20572744.502
63793	-1571244.99768	16103106.7478	19696101.9042	20677895.8178	20573141.2681
63794	-1572986.40539	16105171.4101	19694273.1891	20678280.64	20573539.0181
63795	-1574727.4825	16107236.0244	19692444	20678665.5109	20573936.7255
63796	-1576468.22899	16109300.5907	19690614.3369	20679050.4304	20574333.7036
63797	-1578208.64483	16111365.1089	19688784.1998	20679435.3985	20574729.9993
63798	-1579948.72998	16113429.5788	19686953.5889	20679820.4153	20575127.1128
63799	-1581688.48444	16115494.0004	19685122.5041	20680205.4807	20575525.753
63800	-1583427.90817	16117558.3736	19683290.9455	20680590.5947	20575921.984
63801	-1585167.00115	16119622.6983	19681458.9132	20680975.7574	20576319.6147
63802	-1586905.76334	16121686.9745	19679626.4071	20681360.9686	20576718.7945
63803	-1588644.19474	16123751.202	19677793.4274	20681746.2285	20577115.7338
63804	-1590382.2953	16125815.3807	19675959.9741	20682131.537	20577512.0005
63805	-1592120.06501	16127879.5106	19674126.0472	20682516.8942	20577911.0067
63806	-1593857.50384	16129943.5916	19672291.6467	20682902.2999	20578307.1397
63807	-1595594.61176	16132007.6236	19670456.7728	20683287.7542	20578704.2125
63808	-1597331.38875	16134071.6065	19668621.4254	20683673.2571	20579102.3409
63809	-1599067.83479	16136135.5402	19666785.6046	20684058.8086	20579499.3016
63810	-1600803.94984	16138199.4246	19664949.3104	20684444.4087	20579897.0231
63811	-1602539.73389	16140263.2597	19663112.5429	20684830.0574	20580292.9621
63812	-1604275.1869	16142327.0453	19661275.3022	20685215.7547	20580691.0004
63813	-1606010.30885	16144390.7814	19659437.5882	20685601.5005	20581089.8783
63814	-1607745.09972	16146454.4679	19657599.4011	20685987.2949	20581487.7408
63815	-1609479.55949	16148518.1047	19655760.7408	20686373.1379	20581885.4491
63816	-1611213.68812	16150581.6917	19653921.6074	20686759.0294	20582283.2889
63817	-1612947.48558	16152645.2288	19652082.001	20687144.9695	20582681.1508
63818	-1614680.95187	16154708.7159	19650241.9215	20687530.9582	20583079.3013
63819	-1616414.08694	16156772.153	19648401.3691	20687916.9954	20583477.9356
63820	-1618146.89078	16158835.54	19646560.3438	20688303.0812	20583875.7932
63821	-1619879.36336	16160898.8767	19644718.8456	20688689.2155	20584274.7627
63822	-1621611.50466	16162962.1631	19642876.8746	20689075.3984	20584672.5267
63823	-1623343.31464	16165025.3991	19641034.4307	20689461.6298	20585070.2665
63824	-1625074.79329	16167088.5847	19639191.5142	20689847.9097	20585484.4859
1073741823	-1626805.94058	16169151.7196	19637348.1249	20690234.2381	20659470.5375
